1408523718
    0	    0	    0	    0	    0	    0	    0	    0	    0	    0	-1111	 4.85	    0	0	
   30	    0	    0	    0	    0	    0	    0	    0	    0	    0	-1111	 12.3	    0	0	
   60	    0	    0	    0	    0	    0	    0	    0	    0	    0	-1111	 15.4	    0	0	
   90	    0	    0	    0	    0	    0	    0	    0	    0	    0	-1111	 18.3	    0	0	
  120	    0	    0	    0	    0	    0	    0	    0	    0	    0	-1111	 17.5	    0	0	
  150	    0	    0	    0	    0	    0	    0	    0	    0	    0	-1111	 18.5	    0	0	
  180	    0	    0	    0	    0	    0	    0	    0	    0	    0	-1111	 19.1	    0	0	
  210	    0	    0	    0	    0	    0	    0	    0	    0	    0	-1111	 19.2	    0	0	
  240	    0	    0	    0	    0	    0	    0	    0	    0	    0	-1111	   19	    0	0	
  270	    0	    0	    0	    0	    0	    0	    0	    0	    0	-1111	 18.5	    0	0	
  300	    0	    0	    0	    0	    0	    0	    0	    0	    0	-1111	 17.6	    0	0	
  330	    0	    0	    0	    0	    0	    0	    0	    0	    0	-1111	 16.8	    0	0	
  360	    0	    0	    0	    0	    0	    0	    0	    0	    0	-1111	 15.4	    0	0	
  390	    0	    0	    0	    0	    0	    0	    0	    0	    0	-1111	 14.1	    0	0	
  420	    0	    0	    0	    0	    0	    0	    0	    0	    0	-1111	 12.9	    0	0	
  450	    0	    0	    0	    0	    0	    0	    0	    0	    0	-1111	 11.5	    0	0	
  480	    0	    0	    0	    0	    0	    0	    0	    0	    0	-1111	 10.2	    0	0	
  510	    0	    0	    0	    0	    0	    0	    0	    0	    0	-1111	 8.94	    0	0	
  540	    0	    0	    0	    0	    0	    0	    0	    0	    0	-1111	 7.61	    0	0	
  570	    0	    0	    0	    0	    0	    0	    0	    0	    0	-1111	 6.69	    0	0	
  600	    0	    0	    0	    0	    0	    0	    0	    0	    0	-1111	 5.88	    0	0	
  630	    0	    0	    0	    0	    0	    0	    0	    0	    0	-1111	 5.21	    0	0	
  660	    0	    0	    0	    0	    0	    0	    0	    0	    0	-1111	 4.73	    0	0	
  690	    0	    0	    0	    0	    0	    0	    0	    0	    0	-1111	 4.22	    0	0	
  720	    0	    0	    0	    0	    0	    0	    0	    0	    0	-1111	 3.86	    0	0	
  750	    0	    0	    0	    0	    0	    0	    0	    0	    0	-1111	 3.69	    0	0	
  780	    0	    0	    0	    0	    0	    0	    0	    0	    0	-1111	  3.5	    0	0	
  810	    0	    0	    0	    0	    0	    0	    0	    0	    0	-1111	 3.43	    0	0	
  840	    0	    0	    0	    0	    0	    0	    0	    0	    0	-1111	 3.38	    0	0	
  870	    0	    0	    0	    0	    0	    0	    0	    0	    0	-1111	 3.43	    0	0	
  900	    0	    0	    0	    0	    0	    0	    0	    0	    0	-1111	 3.42	    0	0	
  930	    0	    0	    0	    0	    0	    0	    0	    0	    0	-1111	 3.45	    0	0	
  960	    0	    0	    0	    0	    0	    0	    0	    0	    0	-1111	 3.57	    0	0	
  990	    0	    0	    0	    0	    0	    0	    0	    0	    0	-1111	 3.72	    0	0	
 1020	    0	    0	    0	    0	    0	    0	    0	    0	    0	-1111	 3.92	    0	0	
 1050	    0	    0	    0	    0	    0	    0	    0	    0	    0	-1111	 4.06	    0	0	
 1080	    0	    0	    0	    0	    0	    0	    0	    0	    0	-1111	 4.24	    0	0	
 1110	    0	    0	    0	    0	    0	    0	    0	    0	    0	-1111	 4.47	    0	0	
 1140	    0	    0	    0	    0	    0	    0	    0	    0	    0	-1111	  4.6	    0	0	
 1170	    0	    0	    0	    0	    0	    0	    0	    0	    0	-1111	 4.81	    0	0	
 1200	    0	    0	    0	    0	    0	    0	    0	    0	    0	-1111	 5.05	    0	0	
 1230	    0	    0	    0	    0	    0	    0	    0	    0	    0	-1111	 5.32	    0	0	
 1260	    0	    0	    0	    0	    0	    0	    0	    0	    0	-1111	 5.65	    0	0	
 1290	    0	    0	    0	    0	    0	    0	    0	    0	    0	-1111	 5.85	    0	0	
 1320	    0	    0	    0	    0	    0	    0	    0	    0	    0	-1111	 6.17	    0	0	
 1350	    0	    0	    0	    0	    0	    0	    0	    0	    0	-1111	 6.45	    0	0	
 1380	    0	    0	    0	    0	    0	    0	    0	    0	    0	-1111	 6.72	    0	0	
 1410	    0	    0	    0	    0	    0	    0	    0	    0	    0	-1111	 6.85	    0	0	
 1440	    0	    0	    0	    0	    0	    0	    0	    0	    0	-1111	 6.97	    0	0	
 1470	    0	    0	    0	    0	    0	    0	    0	    0	    0	-1111	    7	    0	0	
 1500	    0	    0	    0	    0	    0	    0	    0	    0	    0	-1111	 7.06	    0	0	
 1530	    0	    0	    0	    0	    0	    0	    0	    0	    0	-1111	 7.05	    0	0	
 1560	    0	    0	    0	    0	    0	    0	    0	    0	    0	-1111	 7.01	    0	0	
 1590	    0	    0	    0	    0	    0	    0	    0	    0	    0	-1111	 6.94	    0	0	
 1620	    0	    0	    0	    0	    0	    0	    0	    0	    0	-1111	 6.94	    0	0	
 1650	    0	    0	    0	    0	    0	    0	    0	    0	    0	-1111	 6.97	    0	0	
 1680	    0	    0	    0	    0	    0	    0	    0	    0	    0	-1111	 6.81	    0	0	
 1710	    0	    0	    0	    0	    0	    0	    0	    0	    0	-1111	 6.75	    0	0	
 1740	    0	    0	    0	    0	    0	    0	    0	    0	    0	-1111	 6.64	    0	0	
 1770	    0	    0	    0	    0	    0	    0	    0	    0	    0	-1111	 6.42	    0	0	
 1800	    0	    0	    0	    0	    0	    0	    0	    0	    0	-1111	 6.44	    0	0	
 1830	    0	    0	    0	    0	    0	    0	    0	    0	    0	-1111	 6.33	    0	0	
 1860	    0	    0	    0	    0	    0	    0	    0	    0	    0	-1111	 6.13	    0	0	
 1890	    0	    0	    0	    0	    0	    0	    0	    0	    0	-1111	 6.07	    0	0	
 1920	    0	    0	    0	    0	    0	    0	    0	    0	    0	-1111	 5.89	    0	0	
 1950	    0	    0	    0	    0	    0	    0	    0	    0	    0	-1111	 5.71	    0	0	
 1980	    0	    0	    0	    0	    0	    0	    0	    0	    0	-1111	 5.61	    0	0	
 2010	    0	    0	    0	    0	    0	    0	    0	    0	    0	-1111	 5.67	    0	0	
 2040	    0	    0	    0	    0	    0	    0	    0	    0	    0	-1111	 5.69	    0	0	
 2070	    0	    0	    0	    0	    0	    0	    0	    0	    0	-1111	 5.67	    0	0	
 2100	    0	    0	    0	    0	    0	    0	    0	    0	    0	-1111	 5.69	    0	0	
 2130	    0	    0	    0	    0	    0	    0	    0	    0	    0	-1111	 5.55	    0	0	
 2160	    0	    0	    0	    0	    0	    0	    0	    0	    0	-1111	 5.59	    0	0	
 2190	    0	    0	    0	    0	    0	    0	    0	    0	    0	-1111	 5.58	    0	0	
 2220	    0	    0	    0	    0	    0	    0	    0	    0	    0	-1111	  5.6	    0	0	
 2250	    0	    0	    0	    0	    0	    0	    0	    0	    0	-1111	 5.68	    0	0	
 2280	    0	    0	    0	    0	    0	    0	    0	    0	    0	-1111	 5.69	    0	0	
 2310	    0	    0	    0	    0	    0	    0	    0	    0	    0	-1111	 5.77	    0	0	
 2340	    0	    0	    0	    0	    0	    0	    0	    0	    0	-1111	 5.75	    0	0	
 2370	    0	    0	    0	    0	    0	    0	    0	    0	    0	-1111	 5.87	    0	0	
 2400	    0	    0	    0	    0	    0	    0	    0	    0	    0	-1111	 5.84	    0	0	
 2430	    0	    0	    0	    0	    0	    0	    0	    0	    0	-1111	  5.8	    0	0	
 2460	    0	    0	    0	    0	    0	    0	    0	    0	    0	-1111	 5.85	    0	0	
 2490	    0	    0	    0	    0	    0	    0	    0	    0	    0	-1111	 5.85	    0	0	
 2520	    0	    0	    0	    0	    0	    0	    0	    0	    0	-1111	 5.95	    0	0	
 2550	    0	    0	    0	    0	    0	    0	    0	    0	    0	-1111	 5.97	    0	0	
 2580	    0	    0	    0	    0	    0	    0	    0	    0	    0	-1111	 5.89	    0	0	
 2610	    0	    0	    0	    0	    0	    0	    0	    0	    0	-1111	 5.86	    0	0	
 2640	    0	    0	    0	    0	    0	    0	    0	    0	    0	-1111	 5.84	    0	0	
 2670	    0	    0	    0	    0	    0	    0	    0	    0	    0	-1111	 5.81	    0	0	
 2700	    0	    0	    0	    0	    0	    0	    0	    0	    0	-1111	 5.79	    0	0	
 2730	    0	    0	    0	    0	    0	    0	    0	    0	    0	-1111	 5.74	    0	0	
 2760	    0	    0	    0	    0	    0	    0	    0	    0	    0	-1111	 5.63	    0	0	
 2790	    0	    0	    0	    0	    0	    0	    0	    0	    0	-1111	  5.6	    0	0	
 2820	    0	    0	    0	    0	    0	    0	    0	    0	    0	-1111	 5.49	    0	0	
 2850	    0	    0	    0	    0	    0	    0	    0	    0	    0	-1111	 5.44	    0	0	
 2880	    0	    0	    0	    0	    0	    0	    0	    0	    0	-1111	  5.4	    0	0	
 2910	    0	    0	    0	    0	    0	    0	    0	    0	    0	-1111	 5.39	    0	0	
 2940	    0	    0	    0	    0	    0	    0	    0	    0	    0	-1111	 5.32	    0	0	
 2970	    0	    0	    0	    0	    0	    0	    0	    0	    0	-1111	  5.3	    0	0	
 3000	    0	    0	    0	    0	    0	    0	    0	    0	    0	-1111	 5.26	    0	0	
 3030	    0	    0	    0	    0	    0	    0	    0	    0	    0	-1111	 5.25	    0	0	
 3060	    0	    0	    0	    0	    0	    0	    0	    0	    0	-1111	 5.21	    0	0	
 3090	    0	    0	    0	    0	    0	    0	    0	    0	    0	-1111	 5.31	    0	0	
 3120	    0	    0	    0	    0	    0	    0	    0	    0	    0	-1111	 5.39	    0	0	
 3150	    0	    0	    0	    0	    0	    0	    0	    0	    0	-1111	 5.47	    0	0	
 3180	    0	    0	    0	    0	    0	    0	    0	    0	    0	-1111	 5.55	    0	0	
 3210	    0	    0	    0	    0	    0	    0	    0	    0	    0	-1111	 5.71	    0	0	
 3240	    0	    0	    0	    0	    0	    0	    0	    0	    0	-1111	  5.7	    0	0	
 3270	    0	    0	    0	    0	    0	    0	    0	    0	    0	-1111	 5.77	    0	0	
 3300	    0	    0	    0	    0	    0	    0	    0	    0	    0	-1111	 5.78	    0	0	
 3330	    0	    0	    0	    0	    0	    0	    0	    0	    0	-1111	 5.82	    0	0	
 3360	    0	    0	    0	    0	    0	    0	    0	    0	    0	-1111	 5.83	    0	0	
 3390	    0	    0	    0	    0	    0	    0	    0	    0	    0	-1111	 5.81	    0	0	
 3420	    0	    0	    0	    0	    0	    0	    0	    0	    0	-1111	 5.95	    0	0	
 3450	    0	    0	    0	    0	    0	    0	    0	    0	    0	-1111	 5.98	    0	0	
 3480	    0	    0	    0	    0	    0	    0	    0	    0	    0	-1111	 6.14	    0	0	
 3510	    0	    0	    0	    0	    0	    0	    0	    0	    0	-1111	 6.12	    0	0	
 3540	    0	    0	    0	    0	    0	    0	    0	    0	    0	-1111	 6.16	    0	0	
 3570	    0	    0	    0	    0	    0	    0	    0	    0	    0	-1111	 6.17	    0	0	
 3600	    0	    0	    0	    0	    0	    0	    0	    0	    0	-1111	  6.2	    0	0	
 3630	    0	    0	    0	    0	    0	    0	    0	    0	    0	-1111	 6.26	    0	0	
 3660	    0	    0	    0	    0	    0	    0	    0	    0	    0	-1111	 6.24	    0	0	
 3690	    0	    0	    0	    0	    0	    0	    0	    0	    0	-1111	 6.17	    0	0	
 3720	    0	    0	    0	    0	    0	    0	    0	    0	    0	-1111	 6.23	    0	0	
 3750	    0	    0	    0	    0	    0	    0	    0	    0	    0	-1111	 6.24	    0	0	
 3780	    0	    0	    0	    0	    0	    0	    0	    0	    0	-1111	 6.22	    0	0	
 3810	    0	    0	    0	    0	    0	    0	    0	    0	    0	-1111	 6.21	    0	0	
 3840	    0	    0	    0	    0	    0	    0	    0	    0	    0	-1111	 6.19	    0	0	
 3870	    0	    0	    0	    0	    0	    0	    0	    0	    0	-1111	 6.13	    0	0	
 3900	    0	    0	    0	    0	    0	    0	    0	    0	    0	-1111	 6.14	    0	0	
 3930	    0	    0	    0	    0	    0	    0	    0	    0	    0	-1111	 6.06	    0	0	
 3960	    0	    0	    0	    0	    0	    0	    0	    0	    0	-1111	 5.98	    0	0	
 3990	    0	    0	    0	    0	    0	    0	    0	    0	    0	-1111	 5.84	    0	0	
 4020	    0	    0	  611	  611	0.000302	    0	    0	    0	6.03e-005	-1111	 5.25	    0	7.54e-005	
 4050	    0	    0	1.52e+003	1.52e+003	0.00137	    0	    0	    0	0.000206	-1111	 4.03	    0	0.000343	
 4080	    0	    0	2.32e+003	2.32e+003	0.0028	    0	    0	    0	0.00016	-1111	 3.09	    0	0.000699	
 4110	    0	    0	2.96e+003	2.96e+003	0.00325	    0	    0	    0	0.000191	-1111	 2.46	    0	0.000813	
 4140	    0	    0	3.46e+003	3.46e+003	0.00392	    0	    0	    0	0.000357	-1111	    2	    0	0.000981	
 4170	    0	    0	3.84e+003	3.84e+003	0.00442	    0	    0	    0	0.00059	-1111	 1.59	    0	0.00111	
 4200	    0	    0	4.18e+003	4.18e+003	0.00419	    0	    0	    0	0.000365	-1111	 1.33	    0	0.00105	
 4230	    0	    0	4.46e+003	4.46e+003	0.00514	    0	    0	    0	0.00067	-1111	 1.14	    0	0.00128	
 4260	    0	    0	4.7e+003	4.7e+003	0.00751	    0	    0	    0	0.00111	-1111	0.973	    0	0.00188	
 4290	    0	    0	4.89e+003	4.89e+003	0.00771	    0	    0	    0	0.00067	-1111	0.808	    0	0.00193	
 4320	    0	    0	5.06e+003	5.06e+003	0.00721	    0	    0	    0	0.000801	-1111	0.667	    0	0.0018	
 4350	    0	    0	5.21e+003	5.21e+003	0.00613	    0	    0	    0	0.000472	-1111	0.602	    0	0.00153	
 4380	    0	    0	5.35e+003	5.35e+003	0.00527	    0	    0	    0	0.000527	-1111	0.571	0.831	0.00132	
 4410	    0	    0	5.48e+003	5.49e+003	0.00735	    0	    0	    0	0.000612	-1111	0.513	0.831	0.00184	
 4440	    0	    0	5.58e+003	5.59e+003	0.00811	    0	    0	    0	    0	-1111	0.486	0.831	0.00203	
 4470	    0	    0	5.71e+003	5.72e+003	0.00873	    0	    0	    0	    0	-1111	0.458	0.831	0.00218	
 4500	    0	    0	5.81e+003	5.83e+003	0.0123	    0	    0	    0	    0	-1111	0.445	0.831	0.00308	
 4530	    3	    0	5.91e+003	5.93e+003	0.0132	    0	    0	    0	    0	-1111	0.411	0.831	0.00329	
 4560	    3	    0	5.99e+003	6.02e+003	0.0193	    0	    0	    0	    0	-1111	0.393	0.831	0.00482	
 4590	    9	    0	6.11e+003	6.13e+003	0.0233	    0	    0	    0	    0	-1111	0.389	0.831	0.00582	
 4620	   12	    0	6.19e+003	6.22e+003	0.0254	    0	    0	    0	    0	-1111	0.396	0.831	0.00635	
 4650	   21	    0	6.3e+003	6.33e+003	0.0322	    0	    0	    0	    0	-1111	0.385	0.831	0.00806	
 4680	   21	    0	6.4e+003	6.44e+003	0.0444	    0	    0	    0	    0	-1111	0.373	0.831	0.0111	
 4710	   24	    0	6.49e+003	6.53e+003	0.0477	    0	    0	    0	    0	-1111	0.379	0.831	0.0119	
 4740	   33	    0	6.57e+003	6.61e+003	0.062	    0	    0	    0	    0	-1111	0.379	0.194	0.0155	
 4770	   36	    0	6.67e+003	6.71e+003	0.0718	    0	    0	    0	0.000944	-1111	0.381	0.194	0.0179	
 4800	   45	    0	6.76e+003	6.81e+003	0.0815	    0	    0	    0	0.000982	-1111	0.362	0.194	0.0204	
 4830	   51	    0	6.83e+003	6.89e+003	0.0893	    0	    0	    0	0.001	-1111	0.336	0.194	0.0223	
 4860	   69	    0	6.9e+003	6.96e+003	0.106	    0	    0	    0	0.00212	-1111	0.318	0.194	0.0265	
 4890	   87	    0	6.99e+003	7.06e+003	0.108	    0	    0	    0	0.00205	-1111	0.341	0.194	0.0269	
 4920	   93	    0	7.08e+003	7.15e+003	0.121	    0	    0	    0	0.00328	-1111	0.322	0.194	0.0304	
 4950	  105	    0	7.14e+003	7.21e+003	0.135	    0	    0	    0	0.00224	-1111	0.309	0.194	0.0337	
 4980	  117	    0	7.21e+003	7.29e+003	0.149	    0	    0	    0	0.00225	-1111	0.317	0.194	0.0372	
 5010	  138	    0	7.27e+003	7.36e+003	0.155	    0	    0	    0	0.00233	-1111	0.286	0.194	0.0387	
 5040	  144	    0	7.34e+003	7.43e+003	0.147	    0	    0	    0	0.00119	-1111	0.289	0.194	0.0369	
 5070	  147	    0	7.41e+003	7.5e+003	0.141	    0	    0	    0	0.00126	-1111	0.261	0.194	0.0353	
 5100	  156	    0	7.46e+003	7.56e+003	0.144	    0	    0	    0	    0	-1111	0.265	0.136	0.0359	
 5130	  162	    0	7.51e+003	7.61e+003	0.131	    0	    0	    0	    0	-1111	0.232	0.136	0.0328	
 5160	  174	    0	7.56e+003	7.67e+003	0.124	    0	    0	    0	    0	-1111	 0.24	0.136	0.0311	
 5190	  183	    0	7.62e+003	7.73e+003	0.105	    0	    0	    0	    0	-1111	0.237	0.136	0.0262	
 5220	  186	    0	7.69e+003	7.8e+003	0.109	    0	    0	    0	    0	-1111	0.244	0.136	0.0273	
 5250	  189	    0	7.73e+003	7.86e+003	0.114	    0	    0	    0	    0	-1111	0.226	0.136	0.0284	
 5280	  189	    0	7.78e+003	7.91e+003	0.129	    0	    0	    0	    0	-1111	0.218	0.136	0.0322	
 5310	  195	    0	7.82e+003	7.95e+003	0.141	    0	    0	    0	    0	-1111	0.212	0.136	0.0353	
 5340	  198	    0	7.87e+003	8e+003	0.122	0.00153	    0	    0	    0	-1111	0.217	0.136	0.0313	
 5370	  204	    0	7.91e+003	8.05e+003	0.148	0.00155	    0	    0	    0	-1111	0.205	0.136	0.0379	
 5400	  204	    0	7.95e+003	8.1e+003	0.151	0.00154	    0	    0	    0	-1111	0.209	0.136	0.0385	
 5430	  216	    0	7.99e+003	8.14e+003	0.159	    0	    0	    0	    0	-1111	0.199	0.136	0.0397	
 5460	  228	    0	8.04e+003	8.19e+003	0.173	    0	    0	    0	    0	-1111	0.186	0.0854	0.0432	
 5490	  237	    0	8.07e+003	8.22e+003	0.211	    0	    0	    0	0.00164	-1111	0.198	0.0854	0.0526	
 5520	  246	    0	8.11e+003	8.27e+003	0.203	    0	    0	    0	0.00172	-1111	 0.19	0.0854	0.0507	
 5550	  252	    0	8.15e+003	8.32e+003	0.219	    0	    0	    0	0.00166	-1111	0.202	0.0854	0.0547	
 5580	  258	    0	8.2e+003	8.37e+003	 0.21	0.00163	    0	    0	0.00163	-1111	 0.22	0.0854	0.0534	
 5610	  258	    0	8.25e+003	8.43e+003	0.224	0.00174	    0	    0	    0	-1111	0.188	0.0854	0.057	
 5640	  261	    0	8.27e+003	8.46e+003	0.236	0.00174	    0	    0	    0	-1111	0.187	0.0854	0.0599	
 5670	  267	    0	8.32e+003	8.5e+003	0.235	    0	    0	    0	    0	-1111	0.181	0.0854	0.0586	
 5700	  270	    0	8.35e+003	8.54e+003	0.244	    0	    0	    0	    0	-1111	0.178	0.0854	0.0611	
 5730	  276	    0	8.39e+003	8.59e+003	 0.25	    0	    0	    0	    0	-1111	0.188	0.0854	0.0625	
 5760	  279	    0	8.43e+003	8.63e+003	0.264	    0	    0	    0	    0	-1111	0.194	0.0854	0.0659	
 5790	  279	    0	8.47e+003	8.67e+003	0.268	    0	    0	    0	    0	-1111	0.199	0.0854	0.0671	
 5820	  282	    0	8.51e+003	8.72e+003	0.276	    0	    0	    0	    0	-1111	0.187	0.0854	0.069	
 5850	  282	    0	8.55e+003	8.77e+003	0.309	    0	    0	    0	    0	-1111	0.197	0.0773	0.0773	
 5880	  288	    0	8.6e+003	8.83e+003	0.316	    0	    0	    0	    0	-1111	0.195	0.0773	0.0791	
 5910	  288	    0	8.64e+003	8.88e+003	0.349	    0	    0	    0	    0	-1111	0.198	0.0773	0.0873	
 5940	  288	    0	8.7e+003	8.95e+003	0.369	    0	    0	    0	    0	-1111	 0.22	0.0773	0.0923	
 5970	  288	    0	8.75e+003	9e+003	0.389	    0	    0	    0	    0	-1111	 0.22	0.0773	0.0972	
 6000	  288	    0	8.82e+003	9.08e+003	 0.41	    0	    0	    0	    0	-1111	0.234	0.0773	0.102	
 6030	  288	    0	8.86e+003	9.14e+003	0.443	    0	    0	    0	0.00142	-1111	0.231	0.0773	0.111	
 6060	  288	    0	8.92e+003	9.2e+003	0.469	    0	    0	    0	0.0014	-1111	0.239	0.0773	0.117	
 6090	  288	    0	8.98e+003	9.27e+003	0.481	0.0014	    0	    0	0.0014	-1111	0.234	0.0773	0.121	
 6120	  288	    0	9.03e+003	9.33e+003	0.502	0.00138	    0	    0	0.00138	-1111	0.238	0.0773	0.126	
 6150	  288	    0	9.11e+003	9.42e+003	0.506	0.00135	    0	    0	    0	-1111	0.255	0.0773	0.127	
 6180	  288	    0	9.17e+003	9.49e+003	0.504	    0	    0	    0	    0	-1111	0.264	0.0773	0.126	
 6210	  288	    0	9.23e+003	9.56e+003	0.501	    0	    0	    0	    0	-1111	0.273	0.0978	0.125	
 6240	  288	    0	9.3e+003	9.64e+003	0.515	    0	    0	    0	    0	-1111	0.263	0.0978	0.129	
 6270	  288	    0	9.36e+003	9.72e+003	0.507	    0	    0	    0	    0	-1111	0.262	0.0978	0.127	
 6300	  288	    0	9.43e+003	9.81e+003	0.524	    0	    0	    0	    0	-1111	0.267	0.0978	0.131	
 6330	  288	    0	9.5e+003	9.88e+003	0.528	0.00241	    0	    0	0.00241	-1111	0.266	0.0978	0.133	
 6360	  288	    0	9.57e+003	9.97e+003	0.543	0.00233	    0	    0	0.00233	-1111	0.281	0.0978	0.137	
 6390	  288	    0	9.64e+003	1.01e+004	0.544	0.0047	    0	    0	0.00353	-1111	0.277	0.0978	0.138	
 6420	  288	    0	9.7e+003	1.01e+004	0.534	0.00465	    0	    0	0.00348	-1111	0.281	0.0978	0.136	
 6450	  288	    0	9.78e+003	1.02e+004	0.546	0.00336	    0	    0	0.00224	-1111	0.292	0.0978	0.138	
 6480	  288	    0	9.86e+003	1.03e+004	0.589	0.00218	    0	    0	0.00218	-1111	0.305	0.0978	0.148	
 6510	  288	    0	9.96e+003	1.04e+004	0.582	0.00209	    0	    0	0.00209	-1111	0.319	0.0978	0.147	
 6540	  288	    0	1e+004	1.05e+004	0.575	0.00102	    0	    0	0.00102	-1111	0.325	0.0978	0.144	
 6570	  288	    0	1.01e+004	1.06e+004	0.586	    0	    0	    0	    0	-1111	0.314	0.123	0.146	
 6600	  288	    0	1.02e+004	1.07e+004	0.606	    0	    0	    0	    0	-1111	0.312	0.123	0.152	
 6630	  288	    0	1.03e+004	1.08e+004	0.605	0.000999	    0	    0	    0	-1111	0.322	0.123	0.152	
 6660	  288	    0	1.04e+004	1.09e+004	 0.61	0.000982	    0	    0	    0	-1111	0.328	0.123	0.153	
 6690	  288	    0	1.05e+004	1.1e+004	0.621	    0	    0	    0	    0	-1111	0.341	0.123	0.155	
 6720	  288	    0	1.06e+004	1.12e+004	0.632	    0	    0	    0	    0	-1111	0.371	0.123	0.158	
 6750	  288	    0	1.07e+004	1.13e+004	0.641	0.000878	    0	    0	    0	-1111	0.374	0.123	0.161	
 6780	  288	    0	1.07e+004	1.14e+004	0.658	0.000856	    0	    0	    0	-1111	 0.37	0.123	0.165	
 6810	  288	    0	1.09e+004	1.15e+004	0.678	    0	    0	    0	    0	-1111	0.399	0.123	0.17	
 6840	  288	    0	1.1e+004	1.17e+004	0.675	    0	    0	    0	    0	-1111	0.418	0.123	0.169	
 6870	  288	    0	1.11e+004	1.18e+004	0.677	    0	    0	    0	    0	-1111	0.443	0.123	0.169	
 6900	  288	    0	1.12e+004	1.2e+004	 0.69	0.000739	    0	    0	0.000739	-1111	0.455	0.123	0.173	
 6930	  288	    0	1.13e+004	1.22e+004	0.698	0.00139	    0	    0	0.000697	-1111	0.489	0.167	0.175	
 6960	  288	    0	1.15e+004	1.24e+004	0.697	0.000658	    0	    0	0.000658	-1111	0.507	0.167	0.175	
 6990	  288	    0	1.16e+004	1.25e+004	0.693	0.00251	    0	    0	0.000628	-1111	0.524	0.167	0.175	
 7020	  291	    0	1.18e+004	1.27e+004	0.705	0.000606	    0	    0	0.000606	-1111	0.552	0.167	0.177	
 7050	  291	    0	1.19e+004	1.29e+004	0.711	0.000578	    0	    0	    0	-1111	0.582	0.167	0.178	
 7080	  291	    0	1.21e+004	1.31e+004	0.726	0.00055	    0	    0	    0	-1111	0.603	0.167	0.182	
 7110	  291	    0	1.23e+004	1.33e+004	0.728	0.00106	    0	    0	    0	-1111	0.616	0.167	0.183	
 7140	  291	    0	1.24e+004	1.36e+004	0.725	0.00103	    0	    0	    0	-1111	0.621	0.167	0.182	
 7170	  291	    0	1.26e+004	1.38e+004	0.729	0.00244	    0	    0	    0	-1111	0.664	0.167	0.184	
 7200	  291	    0	1.28e+004	1.4e+004	0.748	0.00235	    0	    0	    0	-1111	0.687	0.167	0.188	
 7230	  291	    0	1.3e+004	1.43e+004	0.758	0.00181	    0	    0	    0	-1111	0.733	0.167	0.191	
 7260	  291	    0	1.33e+004	1.46e+004	0.771	0.0021	    0	    0	0.000421	-1111	0.793	0.167	0.194	
 7290	  291	    0	1.35e+004	1.49e+004	0.778	0.00276	    0	    0	    0	-1111	0.854	0.296	0.196	
 7320	  291	    0	1.38e+004	1.53e+004	0.792	0.00187	    0	    0	    0	-1111	0.894	0.296	0.199	
 7350	  291	    0	1.4e+004	1.56e+004	0.803	0.00178	    0	    0	0.000356	-1111	0.913	0.296	0.202	
 7380	  291	    0	1.43e+004	1.6e+004	0.813	0.0024	    0	    0	    0	-1111	0.938	0.296	0.204	
 7410	  291	    0	1.46e+004	1.63e+004	 0.82	0.00195	    0	    0	    0	-1111	0.973	0.296	0.206	
 7440	  291	    0	1.49e+004	1.68e+004	0.834	0.00154	    0	    0	    0	-1111	 1.04	0.296	0.209	
 7470	  291	    0	1.52e+004	1.72e+004	0.843	0.00206	    0	    0	    0	-1111	 1.11	0.296	0.212	
 7500	  291	    0	1.56e+004	1.76e+004	0.851	0.00113	    0	    0	    0	-1111	 1.14	0.296	0.213	
 7530	  291	    0	1.59e+004	1.81e+004	0.856	0.000813	    0	    0	    0	-1111	 1.19	0.296	0.214	
 7560	  293	    0	1.63e+004	1.86e+004	0.867	0.000758	    0	    0	0.000253	-1111	 1.27	0.296	0.217	
 7590	  293	    0	1.67e+004	1.91e+004	0.874	0.000959	    0	    0	0.00024	-1111	 1.33	0.296	0.219	
 7620	  293	    0	1.71e+004	1.97e+004	0.878	0.0014	    0	    0	0.000233	-1111	 1.34	0.296	0.22	
 7650	  293	    0	1.76e+004	2.02e+004	0.885	0.00134	    0	    0	0.000224	-1111	 1.39	0.531	0.222	
 7680	  296	    0	1.8e+004	2.09e+004	 0.89	0.0015	    0	    0	0.000429	-1111	 1.45	0.531	0.223	
 7710	  296	    0	1.84e+004	2.14e+004	0.894	0.00144	    0	    0	0.000205	-1111	 1.51	0.531	0.224	
 7740	  296	    0	1.89e+004	2.2e+004	0.903	0.00119	    0	    0	0.000198	-1111	 1.55	0.531	0.226	
 7770	  296	    0	1.94e+004	2.27e+004	0.907	0.000772	    0	    0	0.000193	-1111	 1.56	0.531	0.227	
 7800	  296	    0	1.98e+004	2.33e+004	 0.91	0.00133	    0	    0	0.00019	-1111	 1.55	0.531	0.228	
 7830	  296	    0	2.03e+004	2.39e+004	0.911	0.00188	    0	    0	0.000188	-1111	 1.56	0.531	0.229	
 7860	  296	    0	2.07e+004	2.45e+004	0.917	0.00132	    0	    0	0.000189	-1111	 1.51	0.531	0.23	
 7890	  296	    0	2.12e+004	2.51e+004	 0.92	0.00133	    0	    0	    0	-1111	 1.47	0.531	0.231	
 7920	  296	    0	2.17e+004	2.58e+004	0.924	0.000565	    0	    0	    0	-1111	  1.5	0.531	0.231	
 7950	  296	    0	2.21e+004	2.64e+004	0.924	0.000746	    0	    0	0.000186	-1111	 1.55	0.531	0.231	
 7980	  296	    0	2.26e+004	2.71e+004	0.928	0.000913	    0	    0	0.000183	-1111	 1.59	0.531	0.232	
 8010	  296	    0	2.31e+004	2.78e+004	0.932	0.000544	    0	    0	0.000363	-1111	 1.61	0.531	0.233	
 8040	  296	    0	2.36e+004	2.85e+004	0.934	0.000709	    0	    0	0.000355	-1111	 1.65	0.729	0.234	
 8070	  296	    0	2.41e+004	2.92e+004	0.933	0.000873	    0	    0	0.000349	-1111	 1.65	0.729	0.234	
 8100	  296	    0	2.46e+004	2.98e+004	0.935	0.00123	    0	    0	0.000351	-1111	 1.64	0.729	0.234	
 8130	  296	    0	2.51e+004	3.05e+004	0.938	0.00155	    0	    0	    0	-1111	 1.66	0.729	0.235	
 8160	  296	    0	2.56e+004	3.12e+004	0.936	0.00221	    0	    0	    0	-1111	 1.66	0.729	0.235	
 8190	  296	    0	2.61e+004	3.2e+004	 0.94	0.00265	    0	    0	    0	-1111	 1.74	0.729	0.236	
 8220	  296	    0	2.67e+004	3.27e+004	0.944	0.00342	    0	    0	    0	-1111	 1.79	0.729	0.238	
 8250	  303	    0	2.72e+004	3.35e+004	0.944	0.00357	    0	    0	    0	-1111	 1.77	0.729	0.238	
 8280	  306	    0	2.77e+004	3.43e+004	0.945	0.00366	    0	    0	0.000477	-1111	  1.8	0.729	0.238	
 8310	  309	    0	2.83e+004	3.5e+004	0.946	0.00361	    0	    0	0.000314	-1111	 1.79	0.729	0.238	
 8340	  309	    0	2.88e+004	3.58e+004	0.949	0.00313	    0	    0	0.000313	-1111	 1.77	0.729	0.239	
 8370	  311	    0	2.94e+004	3.65e+004	0.951	0.00261	    0	    0	0.000307	-1111	  1.8	0.729	0.239	
 8400	  314	    0	2.99e+004	3.73e+004	0.948	0.00261	    0	    0	0.000154	-1111	 1.81	0.815	0.238	
 8430	  314	    0	3.05e+004	3.81e+004	0.952	0.00258	    0	    0	0.000152	-1111	 1.86	0.815	0.239	
 8460	  317	    0	3.11e+004	3.9e+004	0.954	0.00254	    0	    0	0.00015	-1111	 1.88	0.815	0.24	
 8490	  318	    0	3.16e+004	3.98e+004	0.956	0.00222	    0	    0	0.000295	-1111	 1.87	0.815	0.24	
 8520	  318	    0	3.22e+004	4.06e+004	0.958	0.00219	    0	    0	0.000438	-1111	 1.86	0.815	0.241	
 8550	  318	    0	3.27e+004	4.14e+004	0.957	0.00232	    0	    0	0.00029	-1111	 1.88	0.815	0.24	
 8580	  318	    0	3.33e+004	4.22e+004	0.957	0.00206	    0	    0	0.000294	-1111	 1.82	0.815	0.24	
 8610	  318	    0	3.39e+004	4.3e+004	0.957	0.00219	    0	    0	0.000439	-1111	 1.86	0.815	0.24	
 8640	  318	    0	3.45e+004	4.38e+004	 0.96	0.00147	    0	    0	0.000147	-1111	 1.82	0.815	0.241	
 8670	  318	    0	3.5e+004	4.46e+004	 0.96	0.00132	    0	    0	0.000147	-1111	 1.82	0.815	0.241	
 8700	  318	    0	3.56e+004	4.54e+004	 0.96	0.00163	    0	    0	0.000148	-1111	 1.79	0.815	0.241	
 8730	  321	    0	3.61e+004	4.62e+004	0.961	0.00162	    0	    0	    0	-1111	 1.81	0.815	0.241	
 8760	  321	    0	3.67e+004	4.7e+004	 0.96	0.00176	    0	    0	0.000147	-1111	 1.83	 0.86	0.241	
 8790	  321	    0	3.72e+004	4.78e+004	0.962	0.00163	    0	    0	    0	-1111	 1.82	 0.86	0.241	
 8820	  321	    0	3.77e+004	4.86e+004	0.961	0.00193	    0	    0	    0	-1111	 1.79	 0.86	0.241	
 8850	  321	    0	3.83e+004	4.95e+004	 0.96	0.00176	    0	    0	    0	-1111	 1.82	 0.86	0.241	
 8880	  321	    0	3.88e+004	5.03e+004	0.962	0.00146	    0	    0	0.000146	-1111	 1.85	 0.86	0.241	
 8910	  321	    0	3.94e+004	5.11e+004	0.962	0.0016	    0	    0	0.000145	-1111	 1.84	 0.86	0.241	
 8940	  323	    0	4e+004	5.2e+004	0.959	0.00233	    0	    0	0.000291	-1111	 1.84	 0.86	0.241	
 8970	  323	    0	4.05e+004	5.28e+004	0.959	0.0027	    0	    0	0.000426	-1111	 1.89	 0.86	0.241	
 9000	  323	    0	4.11e+004	5.36e+004	0.958	0.00342	    0	    0	0.000285	-1111	 1.87	 0.86	0.241	
 9030	  326	    0	4.17e+004	5.45e+004	0.959	0.00313	    0	    0	    0	-1111	 1.86	 0.86	0.241	
 9060	  326	    0	4.22e+004	5.53e+004	0.958	0.00338	    0	    0	0.000282	-1111	 1.82	 0.86	0.241	
 9090	  338	    0	4.28e+004	5.62e+004	0.958	0.0038	    0	    0	0.000141	-1111	 1.81	 0.86	0.241	
 9120	  338	    0	4.34e+004	5.7e+004	 0.96	0.00385	    0	    0	0.000143	-1111	  1.8	0.866	0.242	
 9150	  338	    0	4.39e+004	5.78e+004	0.961	0.00329	    0	    0	    0	-1111	 1.81	0.866	0.242	
 9180	  344	    0	4.44e+004	5.86e+004	0.958	0.00301	    0	    0	0.000287	-1111	 1.79	0.866	0.241	
 9210	  347	    0	4.5e+004	5.94e+004	0.957	0.00335	    0	    0	0.000291	-1111	 1.77	0.866	0.241	
 9240	  350	    0	4.55e+004	6.02e+004	0.956	0.00392	    0	    0	0.000435	-1111	 1.75	0.866	0.241	
 9270	  353	    0	4.6e+004	6.1e+004	0.955	0.00532	    0	    0	0.000443	-1111	  1.7	0.866	0.241	
 9300	  356	    0	4.65e+004	6.18e+004	0.956	0.00571	    0	    0	0.000301	-1111	 1.68	0.866	0.242	
 9330	  359	    0	4.7e+004	6.26e+004	0.957	0.00603	    0	    0	0.000754	-1111	 1.65	0.866	0.242	
 9360	  366	    0	4.75e+004	6.34e+004	0.957	0.0061	    0	    0	0.00061	-1111	 1.65	0.866	0.242	
 9390	  372	    0	4.8e+004	6.41e+004	0.956	0.00621	    0	    0	0.000466	-1111	 1.61	0.866	0.242	
 9420	  372	    0	4.85e+004	6.48e+004	0.955	0.00612	    0	    0	0.000942	-1111	 1.61	0.866	0.242	
 9450	  375	    0	4.9e+004	6.56e+004	0.956	0.00595	    0	    0	0.0011	-1111	  1.6	0.866	0.242	
 9480	  378	    0	4.94e+004	6.63e+004	0.954	0.00542	    0	    0	0.00143	-1111	 1.56	0.792	0.241	
 9510	  378	    0	4.99e+004	6.71e+004	0.954	0.0056	    0	    0	0.00128	-1111	 1.57	0.792	0.241	
 9540	  378	    0	5.04e+004	6.78e+004	0.952	0.00548	    0	    0	0.00145	-1111	 1.58	0.792	0.241	
 9570	  378	    0	5.09e+004	6.86e+004	0.952	0.00725	    0	    0	0.00242	-1111	 1.56	0.792	0.242	
 9600	  381	    0	5.13e+004	6.93e+004	0.954	0.00772	    0	    0	0.00209	-1111	 1.56	0.792	0.242	
 9630	  390	    0	5.18e+004	7e+004	0.957	0.00863	    0	    0	0.00228	-1111	 1.53	0.792	0.244	
 9660	  393	    0	5.23e+004	7.08e+004	0.956	0.0094	    0	    0	0.00259	-1111	 1.54	0.792	0.244	
 9690	  402	    0	5.27e+004	7.15e+004	 0.96	0.00875	    0	    0	0.00259	-1111	 1.54	0.792	0.244	
 9720	  408	    0	5.32e+004	7.22e+004	 0.96	0.00881	    0	    0	0.00228	-1111	 1.54	0.792	0.244	
 9750	  411	    0	5.37e+004	7.3e+004	0.958	0.0103	    0	    0	0.00273	-1111	 1.57	0.792	0.245	
 9780	  420	    0	5.42e+004	7.38e+004	0.958	0.00973	    0	    0	0.00255	-1111	 1.59	0.792	0.244	
 9810	  423	    0	5.46e+004	7.45e+004	0.956	0.00991	    0	    0	0.00204	-1111	 1.61	0.792	0.244	
 9840	  426	    0	5.51e+004	7.53e+004	0.957	0.0104	    0	    0	0.00218	-1111	 1.59	0.742	0.245	
 9870	  432	    0	5.56e+004	7.61e+004	0.956	0.0106	    0	    0	0.00154	-1111	  1.6	0.742	0.244	
 9900	  435	    0	5.61e+004	7.69e+004	0.953	0.0117	    0	    0	0.00092	-1111	 1.63	0.742	0.244	
 9930	  438	    0	5.66e+004	7.77e+004	0.951	0.0127	    0	    0	0.000465	-1111	 1.58	0.742	0.244	
 9960	  456	    0	5.71e+004	7.84e+004	0.945	0.0135	    0	    0	0.000154	-1111	  1.6	0.742	0.243	
 9990	  465	    0	5.75e+004	7.92e+004	0.943	0.0131	    0	    0	    0	-1111	 1.58	0.742	0.242	
10020	  481	    0	5.8e+004	8e+004	0.941	0.0136	    0	    0	0.000309	-1111	 1.55	0.742	0.242	
10050	  493	    0	5.85e+004	8.07e+004	0.938	0.0142	    0	    0	0.00061	-1111	 1.58	0.742	0.242	
10080	  504	    0	5.9e+004	8.15e+004	0.936	0.0141	    0	    0	0.000765	-1111	 1.57	0.742	0.241	
10110	  510	    0	5.94e+004	8.23e+004	0.935	0.0132	    0	    0	0.000766	-1111	  1.6	0.742	0.24	
10140	  514	    0	5.99e+004	8.31e+004	0.937	0.0133	    0	    0	0.000917	-1111	 1.61	0.742	0.241	
10170	  530	    0	6.04e+004	8.39e+004	0.941	0.011	    0	    0	0.000761	-1111	  1.6	0.742	0.241	
10200	  532	    0	6.09e+004	8.47e+004	0.942	0.0109	    0	    0	0.00106	-1111	 1.62	0.742	0.241	
10230	  538	    0	6.14e+004	8.55e+004	0.946	0.00938	    0	    0	0.000908	-1111	 1.58	0.758	0.241	
10260	  544	    0	6.18e+004	8.62e+004	0.946	0.00837	    0	    0	0.000761	-1111	 1.54	0.758	0.241	
10290	  556	    0	6.23e+004	8.7e+004	0.947	0.00874	    0	    0	0.000767	-1111	 1.52	0.758	0.241	
10320	  562	    0	6.27e+004	8.77e+004	0.947	0.00961	    0	    0	0.000915	-1111	 1.57	0.758	0.242	
10350	  571	    0	6.32e+004	8.86e+004	0.949	0.00906	    0	    0	0.000906	-1111	  1.6	0.758	0.242	
10380	  577	    0	6.37e+004	8.93e+004	0.949	0.00977	    0	    0	0.00105	-1111	 1.62	0.758	0.242	
10410	  580	    0	6.42e+004	9.02e+004	0.949	0.00852	    0	    0	0.00103	-1111	 1.65	0.758	0.242	
10440	  583	    0	6.47e+004	9.1e+004	0.947	0.00863	    0	    0	0.00117	-1111	 1.65	0.758	0.241	
10470	  593	    0	6.52e+004	9.19e+004	0.948	0.0077	    0	    0	0.00116	-1111	 1.65	0.758	0.241	
10500	  593	    0	6.57e+004	9.28e+004	0.949	0.00745	    0	    0	0.000844	-1111	 1.71	0.758	0.241	
10530	  596	    0	6.63e+004	9.37e+004	0.951	0.00773	    0	    0	0.000552	-1111	 1.74	0.758	0.242	
10560	  596	    0	6.68e+004	9.46e+004	0.953	0.0067	0.000137	    0	0.000273	-1111	 1.72	0.758	0.242	
10590	  605	    0	6.73e+004	9.55e+004	0.955	0.00679	    0	    0	0.000133	-1111	 1.77	0.774	0.242	
10620	  617	    0	6.79e+004	9.64e+004	0.956	0.00774	    0	    0	0.000131	-1111	 1.79	0.774	0.243	
10650	  622	    0	6.84e+004	9.74e+004	0.958	0.00769	    0	    0	0.000391	-1111	 1.82	0.774	0.243	
10680	  631	    0	6.9e+004	9.83e+004	0.959	0.00728	    0	    0	0.000383	-1111	 1.85	0.774	0.243	
10710	  643	    0	6.95e+004	9.93e+004	0.959	0.00772	    0	    0	0.000506	-1111	 1.85	0.774	0.244	
10740	  643	    0	7.01e+004	1e+005	 0.96	0.00749	    0	    0	0.000624	-1111	 1.87	0.774	0.244	
10770	  643	    0	7.07e+004	1.01e+005	0.961	0.00688	    0	    0	0.0005	-1111	 1.85	0.774	0.244	
10800	  646	    0	7.12e+004	1.02e+005	0.964	0.00545	    0	    0	0.000371	-1111	 1.85	0.774	0.244	
10830	  650	    0	7.18e+004	1.03e+005	0.965	0.00394	    0	    0	0.000246	-1111	 1.86	0.774	0.243	
10860	  650	    0	7.23e+004	1.04e+005	0.966	0.00319	    0	    0	0.000123	-1111	 1.87	0.774	0.243	
10890	  652	    0	7.29e+004	1.05e+005	0.964	0.00306	    0	    0	0.000489	-1111	 1.88	0.774	0.243	
10920	  652	    0	7.35e+004	1.06e+005	0.963	0.0027	    0	    0	0.000491	-1111	 1.85	0.774	0.242	
10950	  652	    0	7.4e+004	1.07e+005	0.963	0.00235	    0	    0	0.000371	-1111	 1.81	0.874	0.242	
10980	  652	    0	7.46e+004	1.08e+005	0.964	0.00123	    0	    0	    0	-1111	 1.79	0.874	0.242	
11010	  652	    0	7.51e+004	1.09e+005	0.963	0.00112	    0	    0	0.000124	-1111	 1.78	0.874	0.241	
11040	  652	    0	7.56e+004	1.1e+005	0.962	0.00187	    0	    0	0.000499	-1111	 1.78	0.874	0.241	
11070	  652	    0	7.61e+004	1.11e+005	0.961	0.00202	    0	    0	0.000631	-1111	 1.76	0.874	0.241	
11100	  652	    0	7.67e+004	1.12e+005	0.963	0.00215	    0	    0	0.00101	-1111	 1.78	0.874	0.242	
11130	  652	    0	7.72e+004	1.13e+005	0.962	0.00262	    0	    0	0.00137	-1111	 1.77	0.874	0.242	
11160	  652	    0	7.78e+004	1.14e+005	0.963	0.00225	    0	    0	0.0015	-1111	 1.76	0.874	0.242	
11190	  652	    0	7.83e+004	1.15e+005	0.967	0.00201	    0	    0	0.00138	-1111	 1.75	0.874	0.243	
11220	  652	    0	7.88e+004	1.16e+005	0.967	0.00139	    0	    0	0.00126	-1111	 1.72	0.874	0.242	
11250	  652	    0	7.93e+004	1.17e+005	0.969	0.00139	    0	    0	0.00114	-1111	 1.75	0.874	0.243	
11280	  652	    0	7.99e+004	1.18e+005	0.969	0.00162	    0	    0	0.000998	-1111	 1.78	0.874	0.243	
1408523718	1	100000	0.13	0.6	0.005	1	4	35	5	10	4	2	1.69	2.48	0.529	86.8	652	678	645	0	0.0177	0.0582	0.0214	1.06	300	60	1.04	1.07	1.08	1.06	1.05	1.05	1.09	1.06	1.06	1.07	1.07	1.04	1.04	1.06	1.05	7069	2408	915	219	207	197	255	165	127	122	111	366	2043	8346	9910	0.0358	0.0433	0.043	0.0448	0.0433	0.0436	0.0402	0.043	0.042	0.0415	0.0427	0.0411	0.0406	0.0413	0.0388	0.0195	0.0214	0.0217	0.0219	0.0191	0.0207	0.0175	0.0171	0.0183	0.0225	0.0226	0.0186	0.0184	0.0169	0.0159	0.041	0.0449	0.0567	0.0595	0.0458	0.0574	0.0535	0.0499	0.0669	0.0587	0.0563	0.063	0.0566	0.0613	0.0634	0.0963	0.00121	0.003	0.00555	0.00746	0.0104	0.0121	0.0131	0.0155	0.0175	0.0182	0.0197	0.0206	0.0225	0.0279	7234	386	20	2	0	0	0	0	5328	9335	9937	-1	-1	-1	-1	-1	-1	-1	-1	-1	-1	-1	-1	-1	-1	-1	-1	-1	-1	-1	-1	-1	-1	-1	-1	-1	-1	-1	-1	-1	-1	-1	-1	-1	4132	4565	4666	5483	5988	-1	4258	-1	-1	-1	-1	-1	10	39384	39065	92.9	11	39334	38995	93	12	5183	39111	87.5	11301	764	237956	0.0088	0.00858	0.00726	0.00577	0.00484	0.00468	0.00308	0.00308	0.00269	0.00202	0.00221	0.00142	0.00115	0.000939	0.00166	764	
