1408511343
    0	    0	    0	    0	    0	    0	    0	    0	    0	    0	-1111	  4.8	    0	0	
   30	    0	    0	    0	    0	    0	    0	    0	    0	    0	-1111	 12.3	    0	0	
   60	    0	    0	    0	    0	    0	    0	    0	    0	    0	-1111	 15.4	    0	0	
   90	    0	    0	    0	    0	    0	    0	    0	    0	    0	-1111	 18.2	    0	0	
  120	    0	    0	    0	    0	    0	    0	    0	    0	    0	-1111	 17.6	    0	0	
  150	    0	    0	    0	    0	    0	    0	    0	    0	    0	-1111	 18.6	    0	0	
  180	    0	    0	    0	    0	    0	    0	    0	    0	    0	-1111	 19.2	    0	0	
  210	    0	    0	    0	    0	    0	    0	    0	    0	    0	-1111	 19.5	    0	0	
  240	    0	    0	    0	    0	    0	    0	    0	    0	    0	-1111	 19.3	    0	0	
  270	    0	    0	    0	    0	    0	    0	    0	    0	    0	-1111	   19	    0	0	
  300	    0	    0	    0	    0	    0	    0	    0	    0	    0	-1111	 18.2	    0	0	
  330	    0	    0	    0	    0	    0	    0	    0	    0	    0	-1111	 17.3	    0	0	
  360	    0	    0	    0	    0	    0	    0	    0	    0	    0	-1111	 16.2	    0	0	
  390	    0	    0	    0	    0	    0	    0	    0	    0	    0	-1111	 14.9	    0	0	
  420	    0	    0	    0	    0	    0	    0	    0	    0	    0	-1111	 13.5	    0	0	
  450	    0	    0	    0	    0	    0	    0	    0	    0	    0	-1111	 12.2	    0	0	
  480	    0	    0	    0	    0	    0	    0	    0	    0	    0	-1111	 10.9	    0	0	
  510	    0	    0	    0	    0	    0	    0	    0	    0	    0	-1111	 9.72	    0	0	
  540	    0	    0	    0	    0	    0	    0	    0	    0	    0	-1111	 8.48	    0	0	
  570	    0	    0	    0	    0	    0	    0	    0	    0	    0	-1111	 7.39	    0	0	
  600	    0	    0	    0	    0	    0	    0	    0	    0	    0	-1111	 6.45	    0	0	
  630	    0	    0	    0	    0	    0	    0	    0	    0	    0	-1111	 5.68	    0	0	
  660	    0	    0	    0	    0	    0	    0	    0	    0	    0	-1111	 5.08	    0	0	
  690	    0	    0	    0	    0	    0	    0	    0	    0	    0	-1111	 4.57	    0	0	
  720	    0	    0	    0	    0	    0	    0	    0	    0	    0	-1111	  4.3	    0	0	
  750	    0	    0	    0	    0	    0	    0	    0	    0	    0	-1111	 3.94	    0	0	
  780	    0	    0	    0	    0	    0	    0	    0	    0	    0	-1111	 3.65	    0	0	
  810	    0	    0	    0	    0	    0	    0	    0	    0	    0	-1111	 3.55	    0	0	
  840	    0	    0	    0	    0	    0	    0	    0	    0	    0	-1111	 3.44	    0	0	
  870	    0	    0	    0	    0	    0	    0	    0	    0	    0	-1111	 3.35	    0	0	
  900	    0	    0	    0	    0	    0	    0	    0	    0	    0	-1111	 3.35	    0	0	
  930	    0	    0	    0	    0	    0	    0	    0	    0	    0	-1111	 3.35	    0	0	
  960	    0	    0	    0	    0	    0	    0	    0	    0	    0	-1111	  3.4	    0	0	
  990	    0	    0	    0	    0	    0	    0	    0	    0	    0	-1111	 3.49	    0	0	
 1020	    0	    0	    0	    0	    0	    0	    0	    0	    0	-1111	 3.58	    0	0	
 1050	    0	    0	    0	    0	    0	    0	    0	    0	    0	-1111	 3.73	    0	0	
 1080	    0	    0	    0	    0	    0	    0	    0	    0	    0	-1111	 3.87	    0	0	
 1110	    0	    0	    0	    0	    0	    0	    0	    0	    0	-1111	 4.08	    0	0	
 1140	    0	    0	    0	    0	    0	    0	    0	    0	    0	-1111	 4.31	    0	0	
 1170	    0	    0	    0	    0	    0	    0	    0	    0	    0	-1111	 4.65	    0	0	
 1200	    0	    0	    0	    0	    0	    0	    0	    0	    0	-1111	 5.04	    0	0	
 1230	    0	    0	    0	    0	    0	    0	    0	    0	    0	-1111	 5.44	    0	0	
 1260	    0	    0	    0	    0	    0	    0	    0	    0	    0	-1111	 5.68	    0	0	
 1290	    0	    0	    0	    0	    0	    0	    0	    0	    0	-1111	 6.06	    0	0	
 1320	    0	    0	    0	    0	    0	    0	    0	    0	    0	-1111	 6.37	    0	0	
 1350	    0	    0	    0	    0	    0	    0	    0	    0	    0	-1111	 6.67	    0	0	
 1380	    0	    0	    0	    0	    0	    0	    0	    0	    0	-1111	 6.92	    0	0	
 1410	    0	    0	    0	    0	    0	    0	    0	    0	    0	-1111	 7.06	    0	0	
 1440	    0	    0	    0	    0	    0	    0	    0	    0	    0	-1111	 7.28	    0	0	
 1470	    0	    0	    0	    0	    0	    0	    0	    0	    0	-1111	 7.46	    0	0	
 1500	    0	    0	    0	    0	    0	    0	    0	    0	    0	-1111	 7.58	    0	0	
 1530	    0	    0	    0	    0	    0	    0	    0	    0	    0	-1111	 7.63	    0	0	
 1560	    0	    0	    0	    0	    0	    0	    0	    0	    0	-1111	 7.55	    0	0	
 1590	    0	    0	    0	    0	    0	    0	    0	    0	    0	-1111	 7.49	    0	0	
 1620	    0	    0	    0	    0	    0	    0	    0	    0	    0	-1111	 7.44	    0	0	
 1650	    0	    0	    0	    0	    0	    0	    0	    0	    0	-1111	 7.42	    0	0	
 1680	    0	    0	    0	    0	    0	    0	    0	    0	    0	-1111	 7.28	    0	0	
 1710	    0	    0	    0	    0	    0	    0	    0	    0	    0	-1111	 7.23	    0	0	
 1740	    0	    0	    0	    0	    0	    0	    0	    0	    0	-1111	 7.15	    0	0	
 1770	    0	    0	    0	    0	    0	    0	    0	    0	    0	-1111	 6.92	    0	0	
 1800	    0	    0	    0	    0	    0	    0	    0	    0	    0	-1111	 6.81	    0	0	
 1830	    0	    0	    0	    0	    0	    0	    0	    0	    0	-1111	 6.67	    0	0	
 1860	    0	    0	    0	    0	    0	    0	    0	    0	    0	-1111	 6.38	    0	0	
 1890	    0	    0	    0	    0	    0	    0	    0	    0	    0	-1111	 6.34	    0	0	
 1920	    0	    0	    0	    0	    0	    0	    0	    0	    0	-1111	 6.17	    0	0	
 1950	    0	    0	    0	    0	    0	    0	    0	    0	    0	-1111	 6.06	    0	0	
 1980	    0	    0	    0	    0	    0	    0	    0	    0	    0	-1111	 5.97	    0	0	
 2010	    0	    0	    0	    0	    0	    0	    0	    0	    0	-1111	 5.88	    0	0	
 2040	    0	    0	    0	    0	    0	    0	    0	    0	    0	-1111	 5.75	    0	0	
 2070	    0	    0	    0	    0	    0	    0	    0	    0	    0	-1111	 5.66	    0	0	
 2100	    0	    0	    0	    0	    0	    0	    0	    0	    0	-1111	 5.51	    0	0	
 2130	    0	    0	    0	    0	    0	    0	    0	    0	    0	-1111	 5.41	    0	0	
 2160	    0	    0	    0	    0	    0	    0	    0	    0	    0	-1111	  5.4	    0	0	
 2190	    0	    0	    0	    0	    0	    0	    0	    0	    0	-1111	 5.41	    0	0	
 2220	    0	    0	    0	    0	    0	    0	    0	    0	    0	-1111	  5.4	    0	0	
 2250	    0	    0	    0	    0	    0	    0	    0	    0	    0	-1111	 5.48	    0	0	
 2280	    0	    0	    0	    0	    0	    0	    0	    0	    0	-1111	 5.45	    0	0	
 2310	    0	    0	    0	    0	    0	    0	    0	    0	    0	-1111	 5.59	    0	0	
 2340	    0	    0	    0	    0	    0	    0	    0	    0	    0	-1111	 5.53	    0	0	
 2370	    0	    0	    0	    0	    0	    0	    0	    0	    0	-1111	 5.64	    0	0	
 2400	    0	    0	    0	    0	    0	    0	    0	    0	    0	-1111	 5.66	    0	0	
 2430	    0	    0	    0	    0	    0	    0	    0	    0	    0	-1111	 5.69	    0	0	
 2460	    0	    0	    0	    0	    0	    0	    0	    0	    0	-1111	 5.79	    0	0	
 2490	    0	    0	    0	    0	    0	    0	    0	    0	    0	-1111	 5.76	    0	0	
 2520	    0	    0	    0	    0	    0	    0	    0	    0	    0	-1111	 5.74	    0	0	
 2550	    0	    0	    0	    0	    0	    0	    0	    0	    0	-1111	 5.77	    0	0	
 2580	    0	    0	    0	    0	    0	    0	    0	    0	    0	-1111	 5.74	    0	0	
 2610	    0	    0	    0	    0	    0	    0	    0	    0	    0	-1111	 5.87	    0	0	
 2640	    0	    0	    0	    0	    0	    0	    0	    0	    0	-1111	 5.86	    0	0	
 2670	    0	    0	    0	    0	    0	    0	    0	    0	    0	-1111	 5.79	    0	0	
 2700	    0	    0	    0	    0	    0	    0	    0	    0	    0	-1111	 5.74	    0	0	
 2730	    0	    0	    0	    0	    0	    0	    0	    0	    0	-1111	 5.72	    0	0	
 2760	    0	    0	    0	    0	    0	    0	    0	    0	    0	-1111	 5.77	    0	0	
 2790	    0	    0	    0	    0	    0	    0	    0	    0	    0	-1111	 5.83	    0	0	
 2820	    0	    0	    0	    0	    0	    0	    0	    0	    0	-1111	 5.98	    0	0	
 2850	    0	    0	    0	    0	    0	    0	    0	    0	    0	-1111	 6.03	    0	0	
 2880	    0	    0	    0	    0	    0	    0	    0	    0	    0	-1111	 5.98	    0	0	
 2910	    0	    0	    0	    0	    0	    0	    0	    0	    0	-1111	    6	    0	0	
 2940	    0	    0	    0	    0	    0	    0	    0	    0	    0	-1111	 5.96	    0	0	
 2970	    0	    0	    0	    0	    0	    0	    0	    0	    0	-1111	 6.04	    0	0	
 3000	    0	    0	    0	    0	    0	    0	    0	    0	    0	-1111	 6.05	    0	0	
 3030	    0	    0	    0	    0	    0	    0	    0	    0	    0	-1111	 6.05	    0	0	
 3060	    0	    0	    0	    0	    0	    0	    0	    0	    0	-1111	 6.01	    0	0	
 3090	    0	    0	    0	    0	    0	    0	    0	    0	    0	-1111	 6.02	    0	0	
 3120	    0	    0	    0	    0	    0	    0	    0	    0	    0	-1111	 6.06	    0	0	
 3150	    0	    0	    0	    0	    0	    0	    0	    0	    0	-1111	 6.16	    0	0	
 3180	    0	    0	    0	    0	    0	    0	    0	    0	    0	-1111	 6.17	    0	0	
 3210	    0	    0	    0	    0	    0	    0	    0	    0	    0	-1111	 6.23	    0	0	
 3240	    0	    0	    0	    0	    0	    0	    0	    0	    0	-1111	 6.22	    0	0	
 3270	    0	    0	    0	    0	    0	    0	    0	    0	    0	-1111	  6.2	    0	0	
 3300	    0	    0	    0	    0	    0	    0	    0	    0	    0	-1111	 6.18	    0	0	
 3330	    0	    0	    0	    0	    0	    0	    0	    0	    0	-1111	 6.22	    0	0	
 3360	    0	    0	    0	    0	    0	    0	    0	    0	    0	-1111	 6.15	    0	0	
 3390	    0	    0	    0	    0	    0	    0	    0	    0	    0	-1111	 6.17	    0	0	
 3420	    0	    0	    0	    0	    0	    0	    0	    0	    0	-1111	 6.25	    0	0	
 3450	    0	    0	    0	    0	    0	    0	    0	    0	    0	-1111	 6.21	    0	0	
 3480	    0	    0	    0	    0	    0	    0	    0	    0	    0	-1111	 6.15	    0	0	
 3510	    0	    0	    0	    0	    0	    0	    0	    0	    0	-1111	 6.17	    0	0	
 3540	    0	    0	    0	    0	    0	    0	    0	    0	    0	-1111	 6.22	    0	0	
 3570	    0	    0	    0	    0	    0	    0	    0	    0	    0	-1111	 6.24	    0	0	
 3600	    0	    0	    0	    0	    0	    0	    0	    0	    0	-1111	 6.27	    0	0	
 3630	    0	    0	    0	    0	    0	    0	    0	    0	    0	-1111	 6.21	    0	0	
 3660	    0	    0	    0	    0	    0	    0	    0	    0	    0	-1111	 6.18	    0	0	
 3690	    0	    0	    0	    0	    0	    0	    0	    0	    0	-1111	 5.94	    0	0	
 3720	    0	    0	    0	    0	    0	    0	    0	    0	    0	-1111	 5.78	    0	0	
 3750	    0	    0	    0	    0	    0	    0	    0	    0	    0	-1111	  5.8	    0	0	
 3780	    0	    0	    0	    0	    0	    0	    0	    0	    0	-1111	 5.71	    0	0	
 3810	    0	    0	    0	    0	    0	    0	    0	    0	    0	-1111	 5.77	    0	0	
 3840	    0	    0	    0	    0	    0	    0	    0	    0	    0	-1111	 5.84	    0	0	
 3870	    0	    0	    0	    0	    0	    0	    0	    0	    0	-1111	 5.78	    0	0	
 3900	    0	    0	    0	    0	    0	    0	    0	    0	    0	-1111	 5.79	    0	0	
 3930	    0	    0	    0	    0	    0	    0	    0	    0	    0	-1111	 5.77	    0	0	
 3960	    0	    0	    0	    0	    0	    0	    0	    0	    0	-1111	 5.68	    0	0	
 3990	    0	    0	    0	    0	    0	    0	    0	    0	    0	-1111	 5.73	    0	0	
 4020	    0	    0	  555	  555	0.000126	6.3e-005	    0	    0	0.000126	-1111	 5.07	    0	6.3e-005	
 4050	    0	    0	1.44e+003	1.44e+003	0.00085	    0	    0	    0	0.000142	-1111	 3.99	    0	0.000212	
 4080	    0	    0	2.22e+003	2.22e+003	0.00165	    0	    0	    0	0.000165	-1111	 3.01	    0	0.000411	
 4110	    0	    0	2.81e+003	2.81e+003	0.00178	    0	    0	    0	9.91e-005	-1111	 2.37	    0	0.000446	
 4140	    0	    0	3.31e+003	3.31e+003	0.00293	    0	    0	    0	0.000122	-1111	 1.95	    0	0.000732	
 4170	    0	    0	3.71e+003	3.71e+003	0.00334	    0	    0	    0	0.000152	-1111	 1.61	    0	0.000834	
 4200	    0	    0	4.06e+003	4.06e+003	0.00395	    0	    0	    0	0.000188	-1111	 1.34	    0	0.000988	
 4230	    0	    0	4.34e+003	4.34e+003	0.00397	    0	    0	    0	0.000234	-1111	 1.11	    0	0.000993	
 4260	    0	    0	4.58e+003	4.58e+003	0.00313	    0	    0	    0	0.000284	-1111	0.914	    0	0.000782	
 4290	    0	    0	4.74e+003	4.74e+003	0.00243	    0	    0	    0	0.000347	-1111	0.749	    0	0.000607	
 4320	    0	    0	4.9e+003	4.9e+003	0.00288	    0	    0	    0	0.000411	-1111	0.638	    0	0.000719	
 4350	    0	    0	5.02e+003	5.02e+003	0.0025	    0	    0	    0	    0	-1111	0.542	    0	0.000626	
 4380	    0	    0	5.13e+003	5.13e+003	0.00345	    0	    0	    0	    0	-1111	0.478	0.808	0.000864	
 4410	    0	    0	5.23e+003	5.24e+003	0.00396	    0	    0	    0	    0	-1111	0.462	0.808	0.000989	
 4440	    0	    0	5.33e+003	5.34e+003	0.00541	    0	    0	    0	    0	-1111	0.405	0.808	0.00135	
 4470	    0	    0	5.43e+003	5.44e+003	0.00597	    0	    0	    0	    0	-1111	0.387	0.808	0.00149	
 4500	    0	    0	5.51e+003	5.53e+003	0.00553	    0	    0	    0	    0	-1111	0.355	0.808	0.00138	
 4530	    0	    0	5.58e+003	5.6e+003	0.00491	    0	    0	    0	    0	-1111	0.331	0.808	0.00123	
 4560	    0	    0	5.65e+003	5.67e+003	0.00837	    0	    0	    0	    0	-1111	0.308	0.808	0.00209	
 4590	    0	    0	5.73e+003	5.75e+003	0.00893	    0	    0	    0	    0	-1111	0.304	0.808	0.00223	
 4620	    0	    0	5.79e+003	5.81e+003	0.00472	    0	    0	    0	    0	-1111	 0.29	0.808	0.00118	
 4650	    0	    0	5.85e+003	5.88e+003	0.00721	    0	    0	    0	    0	-1111	0.294	0.808	0.0018	
 4680	    3	    0	5.93e+003	5.96e+003	0.0133	    0	    0	    0	    0	-1111	0.297	0.808	0.00334	
 4710	    3	    0	6e+003	6.03e+003	0.0184	    0	    0	    0	    0	-1111	0.287	0.808	0.0046	
 4740	    9	    0	6.07e+003	6.1e+003	0.0239	    0	    0	    0	    0	-1111	0.287	0.151	0.00598	
 4770	    9	    0	6.12e+003	6.16e+003	0.033	    0	    0	    0	    0	-1111	0.267	0.151	0.00825	
 4800	    9	    0	6.17e+003	6.21e+003	0.0503	    0	    0	    0	    0	-1111	0.258	0.151	0.0126	
 4830	 16.5	    0	6.22e+003	6.26e+003	0.0618	    0	    0	    0	    0	-1111	0.252	0.151	0.0155	
 4860	 19.5	    0	6.28e+003	6.32e+003	0.0692	    0	    0	    0	    0	-1111	0.242	0.151	0.0173	
 4890	 25.5	    0	6.33e+003	6.38e+003	0.071	    0	    0	    0	    0	-1111	0.221	0.151	0.0178	
 4920	 31.5	    0	6.38e+003	6.43e+003	0.0902	    0	    0	    0	    0	-1111	0.224	0.151	0.0226	
 4950	 34.5	    0	6.43e+003	6.49e+003	0.0933	    0	    0	    0	    0	-1111	0.219	0.151	0.0233	
 4980	 37.5	    0	6.47e+003	6.53e+003	0.105	    0	    0	    0	    0	-1111	0.218	0.151	0.0262	
 5010	 37.5	    0	6.51e+003	6.57e+003	  0.1	    0	    0	    0	    0	-1111	0.205	0.151	0.025	
 5040	 40.5	    0	6.55e+003	6.61e+003	0.0961	    0	    0	    0	    0	-1111	0.193	0.151	0.024	
 5070	 40.5	    0	6.58e+003	6.65e+003	0.0945	    0	    0	    0	    0	-1111	0.177	0.151	0.0236	
 5100	 43.5	    0	6.62e+003	6.68e+003	0.0899	    0	    0	    0	    0	-1111	0.173	0.0901	0.0225	
 5130	 46.5	    0	6.65e+003	6.72e+003	0.0705	    0	    0	    0	    0	-1111	0.163	0.0901	0.0176	
 5160	 46.5	    0	6.68e+003	6.75e+003	0.0682	    0	    0	    0	    0	-1111	 0.15	0.0901	0.017	
 5190	 46.5	    0	6.7e+003	6.77e+003	0.0518	    0	    0	    0	    0	-1111	0.134	0.0901	0.013	
 5220	 46.5	    0	6.72e+003	6.8e+003	0.0518	    0	    0	    0	    0	-1111	0.141	0.0901	0.013	
 5250	 46.5	    0	6.76e+003	6.84e+003	0.0295	    0	    0	    0	    0	-1111	0.161	0.0901	0.00738	
 5280	 46.5	    0	6.79e+003	6.87e+003	0.0249	    0	    0	    0	    0	-1111	0.173	0.0901	0.00622	
 5310	 46.5	    0	6.83e+003	6.92e+003	0.0225	    0	    0	    0	    0	-1111	0.183	0.0901	0.00562	
 5340	 46.5	    0	6.87e+003	6.96e+003	0.0252	    0	    0	    0	    0	-1111	0.191	0.0901	0.0063	
 5370	 46.5	    0	6.91e+003	7.01e+003	0.0204	    0	    0	    0	    0	-1111	0.188	0.0901	0.00509	
 5400	 46.5	    0	6.94e+003	7.04e+003	0.0212	    0	    0	    0	    0	-1111	0.199	0.0901	0.00529	
 5430	 46.5	    0	6.98e+003	7.08e+003	0.0137	    0	    0	    0	    0	-1111	0.207	0.0901	0.00342	
 5460	 46.5	    0	7.02e+003	7.12e+003	0.00995	    0	    0	    0	    0	-1111	0.215	0.0724	0.00249	
 5490	 46.5	    0	7.06e+003	7.17e+003	0.00478	    0	    0	    0	    0	-1111	0.218	0.0724	0.0012	
 5520	 46.5	    0	7.11e+003	7.22e+003	0.00495	    0	    0	    0	    0	-1111	0.212	0.0724	0.00124	
 5550	 46.5	    0	7.16e+003	7.28e+003	0.00493	    0	    0	    0	    0	-1111	0.203	0.0724	0.00123	
 5580	 46.5	    0	7.2e+003	7.33e+003	0.00638	    0	    0	    0	    0	-1111	0.222	0.0724	0.00159	
 5610	 46.5	    0	7.25e+003	7.38e+003	0.00948	    0	    0	    0	0.00158	-1111	0.211	0.0724	0.00237	
 5640	 46.5	    0	7.3e+003	7.44e+003	0.0103	    0	    0	    0	0.00147	-1111	 0.24	0.0724	0.00257	
 5670	 46.5	    0	7.36e+003	7.5e+003	0.0132	    0	    0	    0	0.00147	-1111	0.233	0.0724	0.0033	
 5700	 49.5	    0	7.4e+003	7.56e+003	0.0134	    0	    0	    0	0.00149	-1111	0.234	0.0724	0.00335	
 5730	   51	    0	7.46e+003	7.62e+003	0.0131	    0	    0	    0	0.00146	-1111	0.234	0.0724	0.00328	
 5760	   51	    0	7.5e+003	7.67e+003	0.0163	    0	    0	    0	0.00148	-1111	0.216	0.0724	0.00407	
 5790	   57	    0	7.54e+003	7.72e+003	0.0164	    0	    0	    0	0.00149	-1111	0.216	0.0724	0.00411	
 5820	   57	    0	7.59e+003	7.77e+003	0.0195	    0	    0	    0	0.00299	-1111	0.213	0.0724	0.00487	
 5850	   60	    0	7.63e+003	7.82e+003	0.0256	    0	    0	    0	0.00602	-1111	0.219	0.091	0.0064	
 5880	   63	    0	7.69e+003	7.88e+003	0.0327	    0	    0	    0	0.00297	-1111	0.227	0.091	0.00817	
 5910	   63	    0	7.73e+003	7.93e+003	0.0352	    0	    0	    0	0.00587	-1111	0.228	0.091	0.0088	
 5940	   66	    0	7.78e+003	7.99e+003	0.0469	    0	    0	    0	0.00878	-1111	0.236	0.091	0.0117	
 5970	   66	    0	7.83e+003	8.05e+003	0.0488	    0	    0	    0	0.0104	-1111	0.221	0.091	0.0122	
 6000	   66	    0	7.88e+003	8.11e+003	0.0464	0.00141	    0	    0	0.00703	-1111	0.242	0.091	0.0123	
 6030	   66	    0	7.92e+003	8.16e+003	0.051	0.00138	    0	    0	0.00689	-1111	0.251	0.091	0.0134	
 6060	   66	    0	7.99e+003	8.23e+003	0.0476	0.00136	    0	    0	0.00679	-1111	 0.24	0.091	0.0126	
 6090	   66	    0	8.03e+003	8.28e+003	0.0423	0.00136	    0	    0	0.00546	-1111	0.233	0.091	0.0113	
 6120	   66	    0	8.08e+003	8.33e+003	0.0413	0.00133	    0	    0	0.00533	-1111	0.229	0.091	0.011	
 6150	   66	    0	8.12e+003	8.39e+003	0.0433	    0	    0	    0	0.00406	-1111	0.229	0.091	0.0108	
 6180	   66	    0	8.18e+003	8.46e+003	0.0391	    0	    0	    0	0.00279	-1111	0.222	0.091	0.00976	
 6210	   66	    0	8.23e+003	8.51e+003	0.0388	    0	    0	    0	0.00139	-1111	0.231	0.0983	0.00971	
 6240	   66	    0	8.27e+003	8.57e+003	0.034	    0	    0	    0	0.00142	-1111	 0.23	0.0983	0.0085	
 6270	   66	    0	8.32e+003	8.62e+003	0.0328	    0	    0	    0	    0	-1111	0.217	0.0983	0.0082	
 6300	   66	    0	8.38e+003	8.7e+003	0.0302	    0	    0	    0	    0	-1111	0.215	0.0983	0.00754	
 6330	   66	    0	8.42e+003	8.74e+003	0.0332	    0	    0	    0	    0	-1111	 0.21	0.0983	0.0083	
 6360	   66	    0	8.46e+003	8.8e+003	0.0376	    0	    0	    0	    0	-1111	0.217	0.0983	0.00941	
 6390	   66	    0	8.51e+003	8.85e+003	0.0447	    0	    0	    0	    0	-1111	0.219	0.0983	0.0112	
 6420	   66	    0	8.56e+003	8.92e+003	0.0434	    0	    0	    0	    0	-1111	0.217	0.0983	0.0108	
 6450	   66	    0	8.61e+003	8.98e+003	0.0414	    0	    0	    0	    0	-1111	0.226	0.0983	0.0104	
 6480	   66	    0	8.67e+003	9.05e+003	0.0362	    0	    0	    0	    0	-1111	0.225	0.0983	0.00906	
 6510	   66	    0	8.71e+003	9.09e+003	0.0297	    0	    0	    0	    0	-1111	0.212	0.0983	0.00742	
 6540	   66	    0	8.75e+003	9.14e+003	0.0239	    0	    0	    0	    0	-1111	0.199	0.0983	0.00597	
 6570	   66	    0	8.79e+003	9.19e+003	0.0256	    0	    0	    0	    0	-1111	0.193	0.0897	0.0064	
 6600	   66	    0	8.83e+003	9.24e+003	0.0225	    0	    0	    0	    0	-1111	0.202	0.0897	0.00561	
 6630	   66	    0	8.87e+003	9.29e+003	0.0242	    0	    0	    0	    0	-1111	0.194	0.0897	0.00605	
 6660	   66	    0	8.91e+003	9.34e+003	0.0235	    0	    0	    0	    0	-1111	0.196	0.0897	0.00589	
 6690	   66	    0	8.95e+003	9.39e+003	0.023	    0	    0	    0	    0	-1111	0.207	0.0897	0.00576	
 6720	   66	    0	8.99e+003	9.44e+003	0.0211	    0	    0	    0	    0	-1111	0.207	0.0897	0.00529	
 6750	   66	    0	9.03e+003	9.49e+003	0.0214	    0	    0	    0	    0	-1111	  0.2	0.0897	0.00535	
 6780	   66	    0	9.08e+003	9.55e+003	0.0165	    0	    0	    0	    0	-1111	0.204	0.0897	0.00414	
 6810	   66	    0	9.12e+003	9.59e+003	0.0228	    0	    0	    0	    0	-1111	  0.2	0.0897	0.00571	
 6840	   66	    0	9.17e+003	9.65e+003	0.0263	    0	    0	    0	    0	-1111	 0.19	0.0897	0.00658	
 6870	   66	    0	9.2e+003	9.7e+003	0.0268	    0	    0	    0	    0	-1111	0.204	0.0897	0.0067	
 6900	   66	    0	9.26e+003	9.77e+003	0.0244	    0	    0	    0	    0	-1111	0.223	0.0897	0.00609	
 6930	   66	    0	9.32e+003	9.84e+003	0.0268	    0	    0	    0	    0	-1111	0.229	0.084	0.00671	
 6960	   66	    0	9.36e+003	9.9e+003	0.0314	    0	    0	    0	    0	-1111	0.239	0.084	0.00786	
 6990	   66	    0	9.41e+003	9.96e+003	0.0295	    0	    0	    0	    0	-1111	0.237	0.084	0.00736	
 7020	   66	    0	9.47e+003	1e+004	0.0283	    0	    0	    0	    0	-1111	0.232	0.084	0.00709	
 7050	   66	    0	9.52e+003	1.01e+004	0.0243	    0	    0	    0	    0	-1111	0.218	0.084	0.00606	
 7080	   66	    0	9.56e+003	1.02e+004	0.023	    0	    0	    0	    0	-1111	 0.22	0.084	0.00575	
 7110	   66	    0	9.61e+003	1.02e+004	0.0145	    0	    0	    0	    0	-1111	0.234	0.084	0.00361	
 7140	   66	    0	9.67e+003	1.03e+004	0.0115	    0	    0	    0	    0	-1111	0.249	0.084	0.00286	
 7170	   66	    0	9.73e+003	1.04e+004	0.0125	    0	    0	    0	    0	-1111	0.256	0.084	0.00311	
 7200	   66	    0	9.8e+003	1.05e+004	0.011	    0	    0	    0	    0	-1111	0.264	0.084	0.00276	
 7230	   66	    0	9.85e+003	1.05e+004	0.00954	    0	    0	    0	    0	-1111	0.265	0.084	0.00238	
 7260	   66	    0	9.91e+003	1.06e+004	0.00464	    0	    0	    0	    0	-1111	 0.27	0.084	0.00116	
 7290	   66	    0	9.97e+003	1.07e+004	0.00448	    0	    0	    0	    0	-1111	0.272	0.108	0.00112	
 7320	   66	    0	1e+004	1.07e+004	0.00332	    0	    0	    0	    0	-1111	0.277	0.108	0.00083	
 7350	   66	    0	1.01e+004	1.08e+004	0.00442	    0	    0	    0	    0	-1111	0.268	0.108	0.00111	
 7380	   66	    0	1.02e+004	1.09e+004	0.0011	    0	    0	    0	    0	-1111	0.269	0.108	0.000275	
 7410	   66	    0	1.02e+004	1.1e+004	0.00108	    0	    0	    0	    0	-1111	0.278	0.108	0.000271	
 7440	   66	    0	1.03e+004	1.11e+004	0.00225	    0	    0	    0	    0	-1111	0.263	0.108	0.000562	
 7470	   66	    0	1.03e+004	1.11e+004	0.00115	    0	    0	    0	    0	-1111	0.243	0.108	0.000287	
 7500	   66	    0	1.04e+004	1.12e+004	0.00354	    0	    0	    0	0.00118	-1111	0.226	0.108	0.000884	
 7530	   66	    0	1.04e+004	1.13e+004	0.00503	    0	    0	    0	0.00126	-1111	0.213	0.108	0.00126	
 7560	   66	    0	1.05e+004	1.13e+004	0.00385	    0	    0	    0	0.00128	-1111	0.211	0.108	0.000962	
 7590	   66	    0	1.05e+004	1.14e+004	0.00524	    0	    0	    0	0.00131	-1111	0.215	0.108	0.00131	
 7620	   66	    0	1.05e+004	1.14e+004	0.00668	    0	    0	    0	0.00134	-1111	0.205	0.108	0.00167	
 7650	   66	    0	1.06e+004	1.15e+004	0.00533	    0	    0	    0	    0	-1111	0.213	0.103	0.00133	
 7680	   66	    0	1.06e+004	1.16e+004	0.00776	    0	    0	    0	0.00129	-1111	0.228	0.103	0.00194	
 7710	   66	    0	1.07e+004	1.16e+004	0.00519	    0	    0	    0	0.0013	-1111	0.228	0.103	0.0013	
 7740	   66	    0	1.07e+004	1.17e+004	0.00518	    0	    0	    0	0.0013	-1111	0.227	0.103	0.0013	
 7770	   66	    0	1.08e+004	1.18e+004	0.0038	    0	    0	    0	0.00127	-1111	0.229	0.103	0.000949	
 7800	   66	    0	1.08e+004	1.18e+004	0.00623	    0	    0	    0	0.00125	-1111	0.238	0.103	0.00156	
 7830	   66	    0	1.09e+004	1.19e+004	0.00616	    0	    0	    0	0.00123	-1111	0.233	0.103	0.00154	
 7860	   66	    0	1.09e+004	1.2e+004	0.00761	    0	    0	    0	    0	-1111	0.222	0.103	0.0019	
 7890	   66	    0	1.1e+004	1.2e+004	 0.01	    0	    0	    0	    0	-1111	0.227	0.103	0.0025	
 7920	   69	    0	1.1e+004	1.21e+004	0.0134	    0	    0	    0	    0	-1111	0.243	0.103	0.00335	
 7950	   69	    0	1.11e+004	1.22e+004	0.0175	    0	    0	    0	    0	-1111	0.228	0.103	0.00437	
 7980	   75	    0	1.11e+004	1.22e+004	0.0145	    0	    0	    0	    0	-1111	0.237	0.103	0.00362	
 8010	   84	    0	1.12e+004	1.23e+004	0.0205	    0	    0	    0	    0	-1111	0.225	0.103	0.00513	
 8040	   87	    0	1.12e+004	1.24e+004	0.027	    0	    0	    0	    0	-1111	0.218	0.103	0.00676	
 8070	   87	    0	1.13e+004	1.24e+004	0.0284	    0	    0	    0	    0	-1111	0.224	0.103	0.00709	
 8100	   96	    0	1.13e+004	1.25e+004	0.0311	    0	    0	    0	    0	-1111	0.248	0.103	0.00778	
 8130	  102	    0	1.14e+004	1.26e+004	0.0297	    0	    0	    0	    0	-1111	0.251	0.103	0.00741	
 8160	  105	    0	1.15e+004	1.27e+004	0.031	    0	    0	    0	    0	-1111	0.267	0.103	0.00774	
 8190	  108	    0	1.15e+004	1.28e+004	0.0321	    0	    0	    0	    0	-1111	0.261	0.103	0.00803	
 8220	  114	    0	1.16e+004	1.28e+004	0.0315	    0	    0	    0	    0	-1111	0.268	0.103	0.00786	
 8250	  120	    0	1.16e+004	1.29e+004	0.0346	    0	    0	    0	    0	-1111	0.279	0.103	0.00866	
 8280	  120	    0	1.17e+004	1.3e+004	0.0384	    0	    0	    0	    0	-1111	0.256	0.103	0.00961	
 8310	  129	    0	1.17e+004	1.31e+004	0.0368	    0	    0	    0	    0	-1111	0.273	0.103	0.00919	
 8340	  135	    0	1.18e+004	1.32e+004	0.0365	    0	    0	    0	    0	-1111	0.277	0.103	0.00913	
 8370	  135	    0	1.19e+004	1.33e+004	0.0385	    0	    0	    0	    0	-1111	0.273	0.103	0.00963	
 8400	  135	    0	1.19e+004	1.33e+004	0.0332	    0	    0	    0	    0	-1111	 0.27	0.112	0.0083	
 8430	  138	    0	1.2e+004	1.34e+004	0.0356	    0	    0	    0	    0	-1111	0.266	0.112	0.00889	
 8460	  144	    0	1.2e+004	1.35e+004	0.0325	    0	    0	    0	    0	-1111	0.265	0.112	0.00811	
 8490	  144	    0	1.21e+004	1.36e+004	0.027	    0	    0	    0	    0	-1111	0.249	0.112	0.00676	
 8520	  144	    0	1.22e+004	1.37e+004	0.0215	    0	    0	    0	    0	-1111	0.236	0.112	0.00536	
 8550	  147	    0	1.22e+004	1.37e+004	0.0197	    0	    0	    0	0.00109	-1111	0.235	0.112	0.00492	
 8580	  147	    0	1.23e+004	1.38e+004	0.0282	    0	    0	    0	0.0045	-1111	 0.22	0.112	0.00704	
 8610	  147	    0	1.23e+004	1.39e+004	0.0356	    0	    0	    0	0.00778	-1111	0.231	0.112	0.00889	
 8640	  153	    0	1.24e+004	1.4e+004	0.0423	    0	    0	    0	0.0167	-1111	0.253	0.112	0.0106	
 8670	  153	    0	1.24e+004	1.41e+004	0.0592	    0	    0	    0	0.0222	-1111	0.265	0.112	0.0148	
 8700	  156	    0	1.25e+004	1.42e+004	0.0623	    0	    0	    0	0.0264	-1111	0.283	0.112	0.0156	
 8730	  159	    0	1.26e+004	1.43e+004	0.068	    0	    0	    0	0.0284	-1111	 0.29	0.112	0.017	
 8760	  164	    0	1.26e+004	1.44e+004	0.0703	    0	    0	    0	0.0322	-1111	0.296	0.114	0.0176	
 8790	  167	    0	1.27e+004	1.45e+004	0.0706	    0	    0	    0	0.0367	-1111	0.288	0.114	0.0177	
 8820	  167	    0	1.28e+004	1.46e+004	0.0697	0.000906	    0	    0	0.0353	-1111	0.295	0.114	0.0179	
 8850	  167	    0	1.28e+004	1.47e+004	0.0652	0.000906	    0	    0	0.0335	-1111	0.305	0.114	0.0168	
 8880	  167	    0	1.29e+004	1.48e+004	0.0607	0.000935	    0	    0	0.0299	-1111	0.286	0.114	0.0157	
 8910	  168	    0	1.3e+004	1.49e+004	0.0574	0.000926	    0	    0	0.0278	-1111	0.284	0.114	0.0148	
 8940	  171	    0	1.3e+004	1.49e+004	0.0544	0.000907	    0	    0	0.0254	-1111	0.295	0.114	0.0141	
 8970	  174	    0	1.31e+004	1.5e+004	0.0449	    0	    0	    0	0.0238	-1111	0.279	0.114	0.0112	
 9000	  177	    0	1.32e+004	1.51e+004	0.0441	    0	    0	    0	0.023	-1111	0.281	0.114	0.011	
 9030	  177	    0	1.32e+004	1.52e+004	0.0427	    0	    0	    0	0.0218	-1111	0.294	0.114	0.0107	
 9060	  177	    0	1.33e+004	1.53e+004	0.0394	    0	    0	    0	0.0183	-1111	0.304	0.114	0.00985	
 9090	  177	    0	1.34e+004	1.54e+004	0.0389	    0	    0	    0	0.0176	-1111	0.294	0.114	0.00972	
 9120	  177	    0	1.34e+004	1.55e+004	0.0454	    0	    0	    0	0.0209	-1111	  0.3	0.131	0.0114	
 9150	  180	    0	1.35e+004	1.56e+004	0.0526	    0	    0	    0	0.0263	-1111	0.295	0.131	0.0131	
 9180	  186	    0	1.36e+004	1.58e+004	0.063	    0	    0	    0	0.0288	-1111	0.285	0.131	0.0158	
 9210	  189	    0	1.36e+004	1.59e+004	0.0713	    0	    0	    0	0.0334	-1111	0.289	0.131	0.0178	
 9240	  189	    0	1.37e+004	1.6e+004	0.0794	    0	    0	    0	0.0348	-1111	0.291	0.131	0.0198	
 9270	  189	    0	1.38e+004	1.61e+004	0.0786	    0	    0	    0	0.0309	-1111	0.283	0.131	0.0196	
 9300	  192	    0	1.38e+004	1.62e+004	0.0899	    0	    0	    0	0.0343	-1111	0.264	0.131	0.0225	
 9330	  198	    0	1.39e+004	1.62e+004	0.0993	    0	    0	    0	0.0356	-1111	 0.26	0.131	0.0248	
 9360	  198	    0	1.39e+004	1.63e+004	0.102	    0	    0	    0	0.0312	-1111	0.256	0.131	0.0255	
 9390	  198	    0	1.4e+004	1.64e+004	0.108	    0	    0	    0	0.0356	-1111	0.266	0.131	0.027	
 9420	  198	    0	1.41e+004	1.65e+004	0.108	    0	    0	    0	0.0387	-1111	0.263	0.131	0.0271	
 9450	  198	    0	1.41e+004	1.66e+004	0.113	    0	    0	    0	0.0397	-1111	 0.27	0.131	0.0283	
 9480	  198	    0	1.42e+004	1.67e+004	0.133	    0	    0	    0	0.0436	-1111	0.268	0.119	0.0332	
 9510	  198	    0	1.42e+004	1.68e+004	0.136	    0	    0	    0	0.047	-1111	0.257	0.119	0.034	
 9540	  198	    0	1.43e+004	1.69e+004	0.146	    0	    0	    0	0.0578	-1111	0.243	0.119	0.0365	
 9570	  198	    0	1.44e+004	1.7e+004	0.153	    0	    0	    0	0.0624	-1111	0.244	0.119	0.0384	
 9600	  198	    0	1.44e+004	1.71e+004	0.145	0.00099	    0	    0	0.0545	-1111	0.253	0.119	0.0366	
 9630	  198	    0	1.45e+004	1.72e+004	0.153	0.000976	    0	    0	0.0566	-1111	0.261	0.119	0.0388	
 9660	  198	    0	1.45e+004	1.73e+004	0.162	0.00102	    0	    0	0.0579	-1111	0.252	0.119	0.0411	
 9690	  198	    0	1.46e+004	1.74e+004	0.173	0.00101	    0	    0	0.0645	-1111	 0.25	0.119	0.0438	
 9720	  198	    0	1.47e+004	1.74e+004	0.181	0.000986	    0	    0	0.0631	-1111	0.252	0.119	0.0459	
 9750	  198	    0	1.47e+004	1.75e+004	0.182	0.000994	    0	    0	0.0716	-1111	0.245	0.119	0.046	
 9780	  198	    0	1.48e+004	1.76e+004	 0.18	0.00197	    0	    0	0.0678	-1111	0.247	0.119	0.046	
 9810	  198	    0	1.48e+004	1.77e+004	0.191	0.002	    0	    0	0.0778	-1111	0.248	0.119	0.0487	
 9840	  198	    0	1.49e+004	1.78e+004	  0.2	0.00194	    0	    0	0.0855	-1111	0.249	 0.11	0.051	
 9870	  198	    0	1.49e+004	1.79e+004	0.217	    0	    0	    0	0.0908	-1111	0.243	 0.11	0.0543	
 9900	  198	    0	1.5e+004	1.8e+004	0.231	    0	    0	    0	0.0896	-1111	0.241	 0.11	0.0577	
 9930	  198	    0	1.51e+004	1.81e+004	0.233	    0	    0	    0	0.0867	-1111	0.247	 0.11	0.0581	
 9960	  198	    0	1.51e+004	1.82e+004	0.239	    0	    0	    0	0.0804	-1111	0.263	 0.11	0.0598	
 9990	  198	    0	1.52e+004	1.83e+004	0.272	    0	    0	    0	0.0817	-1111	0.282	 0.11	0.068	
10020	  198	    0	1.53e+004	1.84e+004	0.296	    0	    0	    0	0.0805	-1111	0.291	 0.11	0.0739	
10050	  198	    0	1.53e+004	1.85e+004	0.321	    0	    0	    0	0.0688	-1111	 0.29	 0.11	0.0802	
10080	  198	    0	1.54e+004	1.87e+004	0.336	    0	    0	    0	0.0668	-1111	0.304	 0.11	0.084	
10110	  198	    0	1.55e+004	1.88e+004	 0.35	    0	    0	    0	0.0591	-1111	0.321	 0.11	0.0876	
10140	  198	    0	1.56e+004	1.89e+004	0.374	0.000763	    0	    0	0.058	-1111	0.329	 0.11	0.0938	
10170	  198	    0	1.57e+004	1.91e+004	0.387	0.000744	    0	    0	0.0618	-1111	0.344	 0.11	0.0971	
10200	  198	    0	1.57e+004	1.92e+004	0.416	0.000724	    0	    0	0.0666	-1111	0.357	 0.11	0.104	
10230	  198	    0	1.58e+004	1.93e+004	0.428	0.000709	    0	    0	0.0667	-1111	0.353	0.136	0.107	
10260	  198	    0	1.59e+004	1.95e+004	0.431	0.000706	    0	    0	0.0678	-1111	0.347	0.136	0.108	
10290	  198	    0	1.6e+004	1.96e+004	0.447	0.00134	    0	    0	0.0721	-1111	0.364	0.136	0.112	
10320	  198	    0	1.61e+004	1.98e+004	0.465	0.00131	    0	    0	0.0738	-1111	0.378	0.136	0.117	
10350	  198	    0	1.62e+004	2e+004	0.489	    0	    0	    0	0.0761	-1111	0.385	0.136	0.122	
10380	  198	    0	1.63e+004	2.01e+004	0.504	    0	    0	    0	0.0779	-1111	0.397	0.136	0.126	
10410	  198	    0	1.64e+004	2.03e+004	 0.51	    0	    0	    0	0.0758	-1111	0.396	0.136	0.128	
10440	  198	    0	1.65e+004	2.05e+004	0.529	    0	    0	    0	0.0793	-1111	0.407	0.136	0.132	
10470	  198	    0	1.66e+004	2.07e+004	0.547	0.000587	    0	    0	0.0804	-1111	 0.41	0.136	0.137	
10500	  198	    0	1.67e+004	2.08e+004	0.565	0.00227	    0	    0	0.0754	-1111	0.429	0.136	0.142	
10530	  198	    0	1.69e+004	2.11e+004	0.583	0.00219	    0	    0	0.0684	-1111	 0.45	0.136	0.147	
10560	  198	    0	1.7e+004	2.13e+004	0.595	0.00159	    0	    0	0.0645	-1111	0.477	0.136	0.15	
10590	  198	    0	1.71e+004	2.15e+004	0.614	0.00154	    0	    0	0.0592	-1111	0.484	0.185	0.154	
10620	  201	    0	1.73e+004	2.17e+004	0.618	0.0015	    0	    0	0.0533	-1111	0.494	0.185	0.155	
10650	  201	    0	1.74e+004	2.2e+004	0.628	0.0025	    0	    0	0.0499	-1111	0.485	0.185	0.158	
10680	  201	    0	1.75e+004	2.22e+004	0.639	0.00291	    0	    0	0.0442	-1111	0.497	0.185	0.161	
10710	  201	    0	1.77e+004	2.24e+004	 0.64	0.00382	    0	    0	0.0354	-1111	0.503	0.185	0.162	
10740	  201	    0	1.78e+004	2.27e+004	0.642	0.00282	    0	    0	0.0329	-1111	0.489	0.185	0.162	
10770	  204	    0	1.79e+004	2.29e+004	0.654	0.00367	    0	    0	0.0275	-1111	0.515	0.185	0.165	
10800	  204	    0	1.81e+004	2.31e+004	0.662	0.00407	    0	    0	0.0267	-1111	0.516	0.185	0.167	
10830	  204	    0	1.82e+004	2.34e+004	0.669	0.004	    0	    0	0.0222	-1111	0.547	0.185	0.169	
10860	  204	    0	1.84e+004	2.37e+004	0.686	0.00391	    0	    0	0.0222	-1111	0.565	0.185	0.173	
10890	  204	    0	1.85e+004	2.4e+004	0.707	0.00298	    0	    0	0.0196	-1111	0.574	0.185	0.178	
10920	  204	    0	1.87e+004	2.43e+004	0.718	0.00317	    0	    0	0.0179	-1111	 0.63	0.185	0.181	
10950	  204	    0	1.89e+004	2.46e+004	0.731	0.00224	    0	    0	0.0157	-1111	 0.67	0.246	0.184	
10980	  204	    0	1.91e+004	2.5e+004	0.746	0.0014	    0	    0	0.014	-1111	0.722	0.246	0.187	
11010	  204	    0	1.93e+004	2.54e+004	0.768	0.00133	    0	    0	0.00999	-1111	0.741	0.246	0.193	
11040	  204	    0	1.95e+004	2.58e+004	0.782	0.00156	    0	    0	0.0106	-1111	0.798	0.246	0.196	
11070	  204	    0	1.98e+004	2.61e+004	0.797	0.000894	    0	    0	0.00984	-1111	0.832	0.246	0.2	
11100	  204	    0	2e+004	2.66e+004	0.812	0.00112	    0	    0	0.00953	-1111	0.865	0.246	0.204	
11130	  204	    0	2.03e+004	2.71e+004	0.811	0.00133	    0	    0	0.00772	-1111	 0.93	0.246	0.204	
11160	  204	    0	2.06e+004	2.76e+004	0.823	0.00153	    0	    0	0.00764	-1111	0.944	0.246	0.206	
11190	  204	    0	2.08e+004	2.8e+004	0.828	0.000972	    0	    0	0.00583	-1111	0.961	0.246	0.208	
11220	  204	    0	2.11e+004	2.86e+004	0.835	0.000943	    0	    0	0.00636	-1111	0.995	0.246	0.209	
11250	  204	    0	2.15e+004	2.92e+004	0.841	0.000915	    0	    0	0.00617	-1111	 1.03	0.246	0.211	
11280	  204	    0	2.18e+004	2.97e+004	 0.85	0.00088	    0	    0	0.00638	-1111	 1.08	0.246	0.213	
1408511343	1	100000	0.13	0.6	0.005	1	4	35	5	10	4	2	0.46	0.63	0.169	89.5	204	210	204	0	0.00921	0.0578	0.0106	1.03	300	60	1.02	1.03	1.04	1.04	1.02	1.03	1.03	1.04	1.04	1.04	1.02	1.03	1.04	1.03	1.06	6990	2298	846	165	143	180	207	151	105	105	89	326	2011	8357	9846	0.0111	0.0131	0.0131	0.0133	0.0129	0.0134	0.0124	0.0132	0.0122	0.0123	0.012	0.0129	0.0125	0.0129	0.0119	0.0114	0.0128	0.0121	0.0127	0.0116	0.0116	0.0118	0.0137	0.0117	0.0125	0.011	0.0108	0.0109	0.0105	0.0114	0.0519	0.0426	0.0453	0.0495	0.0534	0.0634	0.0508	0.052	0.0556	0.0612	0.0529	0.0639	0.0568	0.0595	0.0679	0.097	0.000547	0.00135	0.00209	0.00333	0.00392	0.00491	0.00562	0.00597	0.00728	0.00703	0.00822	0.00805	0.00866	0.0124	4364	147	5	0	0	0	0	0	5979	-1	-1	-1	-1	-1	-1	-1	-1	-1	-1	-1	-1	-1	-1	-1	-1	-1	-1	-1	-1	-1	-1	-1	-1	-1	-1	-1	-1	-1	-1	-1	-1	-1	-1	-1	4189	4713	4779	9838	10182	-1	5112	5841	5937	9529	-1	-1	10	12209	12038	92.1	11	12226	12039	91.9	12	9066	12037	86.3	11301	3477	239221	0.00842	0.00829	0.00757	0.00577	0.00524	0.00367	0.00295	0.00319	0.00221	0.00232	0.00199	0.00141	0.00124	0.00101	0.00246	3477	
