1408512055
    0	    0	    0	    0	    0	    0	    0	    0	    0	    0	-1111	 4.76	    0	0	
   30	    0	    0	    0	    0	    0	    0	    0	    0	    0	-1111	 12.3	    0	0	
   60	    0	    0	    0	    0	    0	    0	    0	    0	    0	-1111	 15.4	    0	0	
   90	    0	    0	    0	    0	    0	    0	    0	    0	    0	-1111	 18.1	    0	0	
  120	    0	    0	    0	    0	    0	    0	    0	    0	    0	-1111	 17.4	    0	0	
  150	    0	    0	    0	    0	    0	    0	    0	    0	    0	-1111	 18.2	    0	0	
  180	    0	    0	    0	    0	    0	    0	    0	    0	    0	-1111	 18.8	    0	0	
  210	    0	    0	    0	    0	    0	    0	    0	    0	    0	-1111	   19	    0	0	
  240	    0	    0	    0	    0	    0	    0	    0	    0	    0	-1111	 18.9	    0	0	
  270	    0	    0	    0	    0	    0	    0	    0	    0	    0	-1111	 18.6	    0	0	
  300	    0	    0	    0	    0	    0	    0	    0	    0	    0	-1111	 17.7	    0	0	
  330	    0	    0	    0	    0	    0	    0	    0	    0	    0	-1111	 16.7	    0	0	
  360	    0	    0	    0	    0	    0	    0	    0	    0	    0	-1111	 15.6	    0	0	
  390	    0	    0	    0	    0	    0	    0	    0	    0	    0	-1111	 14.1	    0	0	
  420	    0	    0	    0	    0	    0	    0	    0	    0	    0	-1111	 12.8	    0	0	
  450	    0	    0	    0	    0	    0	    0	    0	    0	    0	-1111	 11.5	    0	0	
  480	    0	    0	    0	    0	    0	    0	    0	    0	    0	-1111	 10.1	    0	0	
  510	    0	    0	    0	    0	    0	    0	    0	    0	    0	-1111	 9.01	    0	0	
  540	    0	    0	    0	    0	    0	    0	    0	    0	    0	-1111	 7.93	    0	0	
  570	    0	    0	    0	    0	    0	    0	    0	    0	    0	-1111	 7.05	    0	0	
  600	    0	    0	    0	    0	    0	    0	    0	    0	    0	-1111	 6.27	    0	0	
  630	    0	    0	    0	    0	    0	    0	    0	    0	    0	-1111	 5.49	    0	0	
  660	    0	    0	    0	    0	    0	    0	    0	    0	    0	-1111	 4.93	    0	0	
  690	    0	    0	    0	    0	    0	    0	    0	    0	    0	-1111	 4.51	    0	0	
  720	    0	    0	    0	    0	    0	    0	    0	    0	    0	-1111	 4.11	    0	0	
  750	    0	    0	    0	    0	    0	    0	    0	    0	    0	-1111	 3.85	    0	0	
  780	    0	    0	    0	    0	    0	    0	    0	    0	    0	-1111	 3.65	    0	0	
  810	    0	    0	    0	    0	    0	    0	    0	    0	    0	-1111	 3.46	    0	0	
  840	    0	    0	    0	    0	    0	    0	    0	    0	    0	-1111	 3.38	    0	0	
  870	    0	    0	    0	    0	    0	    0	    0	    0	    0	-1111	 3.41	    0	0	
  900	    0	    0	    0	    0	    0	    0	    0	    0	    0	-1111	 3.51	    0	0	
  930	    0	    0	    0	    0	    0	    0	    0	    0	    0	-1111	 3.46	    0	0	
  960	    0	    0	    0	    0	    0	    0	    0	    0	    0	-1111	 3.47	    0	0	
  990	    0	    0	    0	    0	    0	    0	    0	    0	    0	-1111	 3.49	    0	0	
 1020	    0	    0	    0	    0	    0	    0	    0	    0	    0	-1111	 3.57	    0	0	
 1050	    0	    0	    0	    0	    0	    0	    0	    0	    0	-1111	 3.61	    0	0	
 1080	    0	    0	    0	    0	    0	    0	    0	    0	    0	-1111	 3.78	    0	0	
 1110	    0	    0	    0	    0	    0	    0	    0	    0	    0	-1111	    4	    0	0	
 1140	    0	    0	    0	    0	    0	    0	    0	    0	    0	-1111	 4.22	    0	0	
 1170	    0	    0	    0	    0	    0	    0	    0	    0	    0	-1111	 4.53	    0	0	
 1200	    0	    0	    0	    0	    0	    0	    0	    0	    0	-1111	 4.84	    0	0	
 1230	    0	    0	    0	    0	    0	    0	    0	    0	    0	-1111	 5.21	    0	0	
 1260	    0	    0	    0	    0	    0	    0	    0	    0	    0	-1111	 5.59	    0	0	
 1290	    0	    0	    0	    0	    0	    0	    0	    0	    0	-1111	 5.93	    0	0	
 1320	    0	    0	    0	    0	    0	    0	    0	    0	    0	-1111	 6.14	    0	0	
 1350	    0	    0	    0	    0	    0	    0	    0	    0	    0	-1111	  6.4	    0	0	
 1380	    0	    0	    0	    0	    0	    0	    0	    0	    0	-1111	 6.55	    0	0	
 1410	    0	    0	    0	    0	    0	    0	    0	    0	    0	-1111	 6.73	    0	0	
 1440	    0	    0	    0	    0	    0	    0	    0	    0	    0	-1111	 6.81	    0	0	
 1470	    0	    0	    0	    0	    0	    0	    0	    0	    0	-1111	    7	    0	0	
 1500	    0	    0	    0	    0	    0	    0	    0	    0	    0	-1111	 6.96	    0	0	
 1530	    0	    0	    0	    0	    0	    0	    0	    0	    0	-1111	 6.98	    0	0	
 1560	    0	    0	    0	    0	    0	    0	    0	    0	    0	-1111	 7.02	    0	0	
 1590	    0	    0	    0	    0	    0	    0	    0	    0	    0	-1111	 7.06	    0	0	
 1620	    0	    0	    0	    0	    0	    0	    0	    0	    0	-1111	 7.09	    0	0	
 1650	    0	    0	    0	    0	    0	    0	    0	    0	    0	-1111	 6.95	    0	0	
 1680	    0	    0	    0	    0	    0	    0	    0	    0	    0	-1111	 6.81	    0	0	
 1710	    0	    0	    0	    0	    0	    0	    0	    0	    0	-1111	  6.7	    0	0	
 1740	    0	    0	    0	    0	    0	    0	    0	    0	    0	-1111	 6.63	    0	0	
 1770	    0	    0	    0	    0	    0	    0	    0	    0	    0	-1111	 6.43	    0	0	
 1800	    0	    0	    0	    0	    0	    0	    0	    0	    0	-1111	 6.37	    0	0	
 1830	    0	    0	    0	    0	    0	    0	    0	    0	    0	-1111	 6.31	    0	0	
 1860	    0	    0	    0	    0	    0	    0	    0	    0	    0	-1111	 6.28	    0	0	
 1890	    0	    0	    0	    0	    0	    0	    0	    0	    0	-1111	 6.07	    0	0	
 1920	    0	    0	    0	    0	    0	    0	    0	    0	    0	-1111	 5.91	    0	0	
 1950	    0	    0	    0	    0	    0	    0	    0	    0	    0	-1111	 5.78	    0	0	
 1980	    0	    0	    0	    0	    0	    0	    0	    0	    0	-1111	 5.55	    0	0	
 2010	    0	    0	    0	    0	    0	    0	    0	    0	    0	-1111	 5.45	    0	0	
 2040	    0	    0	    0	    0	    0	    0	    0	    0	    0	-1111	 5.43	    0	0	
 2070	    0	    0	    0	    0	    0	    0	    0	    0	    0	-1111	 5.38	    0	0	
 2100	    0	    0	    0	    0	    0	    0	    0	    0	    0	-1111	 5.29	    0	0	
 2130	    0	    0	    0	    0	    0	    0	    0	    0	    0	-1111	 5.34	    0	0	
 2160	    0	    0	    0	    0	    0	    0	    0	    0	    0	-1111	 5.32	    0	0	
 2190	    0	    0	    0	    0	    0	    0	    0	    0	    0	-1111	 5.24	    0	0	
 2220	    0	    0	    0	    0	    0	    0	    0	    0	    0	-1111	 5.33	    0	0	
 2250	    0	    0	    0	    0	    0	    0	    0	    0	    0	-1111	 5.37	    0	0	
 2280	    0	    0	    0	    0	    0	    0	    0	    0	    0	-1111	 5.52	    0	0	
 2310	    0	    0	    0	    0	    0	    0	    0	    0	    0	-1111	 5.54	    0	0	
 2340	    0	    0	    0	    0	    0	    0	    0	    0	    0	-1111	  5.6	    0	0	
 2370	    0	    0	    0	    0	    0	    0	    0	    0	    0	-1111	 5.56	    0	0	
 2400	    0	    0	    0	    0	    0	    0	    0	    0	    0	-1111	 5.61	    0	0	
 2430	    0	    0	    0	    0	    0	    0	    0	    0	    0	-1111	 5.69	    0	0	
 2460	    0	    0	    0	    0	    0	    0	    0	    0	    0	-1111	  5.7	    0	0	
 2490	    0	    0	    0	    0	    0	    0	    0	    0	    0	-1111	 5.78	    0	0	
 2520	    0	    0	    0	    0	    0	    0	    0	    0	    0	-1111	 5.75	    0	0	
 2550	    0	    0	    0	    0	    0	    0	    0	    0	    0	-1111	 5.82	    0	0	
 2580	    0	    0	    0	    0	    0	    0	    0	    0	    0	-1111	 5.93	    0	0	
 2610	    0	    0	    0	    0	    0	    0	    0	    0	    0	-1111	 5.95	    0	0	
 2640	    0	    0	    0	    0	    0	    0	    0	    0	    0	-1111	    6	    0	0	
 2670	    0	    0	    0	    0	    0	    0	    0	    0	    0	-1111	 5.94	    0	0	
 2700	    0	    0	    0	    0	    0	    0	    0	    0	    0	-1111	 5.92	    0	0	
 2730	    0	    0	    0	    0	    0	    0	    0	    0	    0	-1111	 5.89	    0	0	
 2760	    0	    0	    0	    0	    0	    0	    0	    0	    0	-1111	 5.83	    0	0	
 2790	    0	    0	    0	    0	    0	    0	    0	    0	    0	-1111	 5.81	    0	0	
 2820	    0	    0	    0	    0	    0	    0	    0	    0	    0	-1111	 5.87	    0	0	
 2850	    0	    0	    0	    0	    0	    0	    0	    0	    0	-1111	 5.91	    0	0	
 2880	    0	    0	    0	    0	    0	    0	    0	    0	    0	-1111	 5.86	    0	0	
 2910	    0	    0	    0	    0	    0	    0	    0	    0	    0	-1111	 5.79	    0	0	
 2940	    0	    0	    0	    0	    0	    0	    0	    0	    0	-1111	 5.76	    0	0	
 2970	    0	    0	    0	    0	    0	    0	    0	    0	    0	-1111	 5.81	    0	0	
 3000	    0	    0	    0	    0	    0	    0	    0	    0	    0	-1111	  5.9	    0	0	
 3030	    0	    0	    0	    0	    0	    0	    0	    0	    0	-1111	 5.93	    0	0	
 3060	    0	    0	    0	    0	    0	    0	    0	    0	    0	-1111	 5.98	    0	0	
 3090	    0	    0	    0	    0	    0	    0	    0	    0	    0	-1111	 6.02	    0	0	
 3120	    0	    0	    0	    0	    0	    0	    0	    0	    0	-1111	 6.07	    0	0	
 3150	    0	    0	    0	    0	    0	    0	    0	    0	    0	-1111	 6.08	    0	0	
 3180	    0	    0	    0	    0	    0	    0	    0	    0	    0	-1111	    6	    0	0	
 3210	    0	    0	    0	    0	    0	    0	    0	    0	    0	-1111	 6.06	    0	0	
 3240	    0	    0	    0	    0	    0	    0	    0	    0	    0	-1111	 6.01	    0	0	
 3270	    0	    0	    0	    0	    0	    0	    0	    0	    0	-1111	 6.01	    0	0	
 3300	    0	    0	    0	    0	    0	    0	    0	    0	    0	-1111	 5.93	    0	0	
 3330	    0	    0	    0	    0	    0	    0	    0	    0	    0	-1111	 5.93	    0	0	
 3360	    0	    0	    0	    0	    0	    0	    0	    0	    0	-1111	 5.89	    0	0	
 3390	    0	    0	    0	    0	    0	    0	    0	    0	    0	-1111	 5.84	    0	0	
 3420	    0	    0	    0	    0	    0	    0	    0	    0	    0	-1111	 5.74	    0	0	
 3450	    0	    0	    0	    0	    0	    0	    0	    0	    0	-1111	 5.61	    0	0	
 3480	    0	    0	    0	    0	    0	    0	    0	    0	    0	-1111	  5.5	    0	0	
 3510	    0	    0	    0	    0	    0	    0	    0	    0	    0	-1111	 5.43	    0	0	
 3540	    0	    0	    0	    0	    0	    0	    0	    0	    0	-1111	 5.47	    0	0	
 3570	    0	    0	    0	    0	    0	    0	    0	    0	    0	-1111	 5.42	    0	0	
 3600	    0	    0	    0	    0	    0	    0	    0	    0	    0	-1111	 5.47	    0	0	
 3630	    0	    0	    0	    0	    0	    0	    0	    0	    0	-1111	 5.52	    0	0	
 3660	    0	    0	    0	    0	    0	    0	    0	    0	    0	-1111	 5.55	    0	0	
 3690	    0	    0	    0	    0	    0	    0	    0	    0	    0	-1111	 5.55	    0	0	
 3720	    0	    0	    0	    0	    0	    0	    0	    0	    0	-1111	 5.57	    0	0	
 3750	    0	    0	    0	    0	    0	    0	    0	    0	    0	-1111	 5.48	    0	0	
 3780	    0	    0	    0	    0	    0	    0	    0	    0	    0	-1111	 5.45	    0	0	
 3810	    0	    0	    0	    0	    0	    0	    0	    0	    0	-1111	 5.47	    0	0	
 3840	    0	    0	    0	    0	    0	    0	    0	    0	    0	-1111	 5.43	    0	0	
 3870	    0	    0	    0	    0	    0	    0	    0	    0	    0	-1111	  5.4	    0	0	
 3900	    0	    0	    0	    0	    0	    0	    0	    0	    0	-1111	 5.38	    0	0	
 3930	    0	    0	    0	    0	    0	    0	    0	    0	    0	-1111	 5.42	    0	0	
 3960	    0	    0	    0	    0	    0	    0	    0	    0	    0	-1111	 5.41	    0	0	
 3990	    0	    0	    0	    0	    0	    0	    0	    0	    0	-1111	 5.52	    0	0	
 4020	    0	    0	  652	  652	0.000397	    0	    0	    0	6.61e-005	-1111	 5.09	    0	9.91e-005	
 4050	    0	    0	1.46e+003	1.46e+003	0.000597	    0	    0	    0	    0	-1111	 3.97	    0	0.000149	
 4080	    0	    0	2.24e+003	2.24e+003	0.00112	    0	    0	    0	8.62e-005	-1111	 2.99	    0	0.00028	
 4110	    0	    0	2.82e+003	2.82e+003	0.00154	    0	    0	    0	0.000103	-1111	 2.36	    0	0.000386	
 4140	    0	    0	3.27e+003	3.27e+003	0.00262	    0	    0	    0	0.000249	-1111	 1.95	    0	0.000654	
 4170	    0	    0	3.66e+003	3.66e+003	0.0035	    0	    0	    0	0.000319	-1111	 1.56	    0	0.000876	
 4200	    0	    0	4e+003	4e+003	0.00296	    0	    0	    0	0.000394	-1111	 1.32	    0	0.000739	
 4230	    0	    0	4.25e+003	4.25e+003	0.00217	    0	    0	    0	0.000241	-1111	  1.1	    0	0.000542	
 4260	    0	    0	4.47e+003	4.47e+003	0.00325	    0	    0	    0	0.00059	-1111	0.906	    0	0.000812	
 4290	    0	    0	4.68e+003	4.68e+003	0.00425	    0	    0	    0	0.000709	-1111	0.791	    0	0.00106	
 4320	    0	    0	4.83e+003	4.83e+003	0.0048	    0	    0	    0	0.000436	-1111	0.639	    0	0.0012	
 4350	    0	    0	4.95e+003	4.95e+003	0.00625	    0	    0	    0	0.00156	-1111	0.537	    0	0.00156	
 4380	    3	    0	5.07e+003	5.08e+003	0.0103	    0	    0	    0	0.00182	-1111	0.451	0.807	0.00259	
 4410	    3	    0	5.17e+003	5.18e+003	0.0125	    0	    0	    0	0.00278	-1111	0.426	0.807	0.00313	
 4440	    3	    0	5.25e+003	5.26e+003	0.0158	    0	    0	    0	0.00237	-1111	0.389	0.807	0.00395	
 4470	    3	    0	5.33e+003	5.34e+003	0.0192	    0	    0	    0	0.000914	-1111	0.343	0.807	0.0048	
 4500	    3	    0	5.4e+003	5.41e+003	0.021	    0	    0	    0	0.00105	-1111	0.295	0.807	0.00525	
 4530	    3	    0	5.46e+003	5.47e+003	0.0202	    0	    0	    0	0.00119	-1111	0.253	0.807	0.00506	
 4560	    3	    0	5.51e+003	5.53e+003	0.0209	    0	    0	    0	0.00131	-1111	0.225	0.807	0.00524	
 4590	    3	    0	5.54e+003	5.56e+003	0.0157	    0	    0	    0	    0	-1111	 0.22	0.807	0.00392	
 4620	    3	    0	5.59e+003	5.61e+003	0.0198	    0	    0	    0	    0	-1111	0.213	0.807	0.00495	
 4650	    3	    0	5.63e+003	5.65e+003	0.019	    0	    0	    0	    0	-1111	0.191	0.807	0.00474	
 4680	    3	    0	5.67e+003	5.69e+003	0.0211	    0	    0	    0	    0	-1111	0.193	0.807	0.00526	
 4710	    3	    0	5.71e+003	5.73e+003	0.0211	    0	    0	    0	    0	-1111	0.197	0.807	0.00528	
 4740	    3	    0	5.76e+003	5.79e+003	0.0271	    0	    0	    0	    0	-1111	0.217	0.114	0.00678	
 4770	    3	    0	5.8e+003	5.82e+003	0.0307	    0	    0	    0	    0	-1111	0.212	0.114	0.00767	
 4800	    3	    0	5.84e+003	5.87e+003	0.0173	    0	    0	    0	    0	-1111	0.207	0.114	0.00433	
 4830	    3	    0	5.88e+003	5.91e+003	0.0188	    0	    0	    0	0.00171	-1111	0.209	0.114	0.00471	
 4860	    3	    0	5.93e+003	5.96e+003	0.0185	    0	    0	    0	0.00336	-1111	0.221	0.114	0.00461	
 4890	    3	    0	5.97e+003	6.01e+003	0.0183	    0	    0	    0	0.00332	-1111	0.225	0.114	0.00457	
 4920	    3	    0	6.02e+003	6.06e+003	0.0172	    0	    0	    0	0.00343	-1111	0.218	0.114	0.00429	
 4950	    3	    0	6.06e+003	6.1e+003	0.0239	    0	    0	    0	0.00341	-1111	 0.21	0.114	0.00596	
 4980	    6	    0	6.1e+003	6.14e+003	0.018	    0	    0	    0	0.0018	-1111	0.195	0.114	0.0045	
 5010	    6	    0	6.13e+003	6.18e+003	0.0325	    0	    0	    0	0.00181	-1111	0.194	0.114	0.00814	
 5040	    6	    0	6.17e+003	6.22e+003	0.0463	    0	    0	    0	0.00178	-1111	0.196	0.114	0.0116	
 5070	   12	    0	6.22e+003	6.27e+003	0.0525	    0	    0	    0	    0	-1111	0.192	0.114	0.0131	
 5100	   15	    0	6.26e+003	6.31e+003	0.0794	    0	    0	    0	    0	-1111	0.208	0.0877	0.0199	
 5130	   21	    0	6.31e+003	6.37e+003	0.0914	    0	    0	    0	    0	-1111	 0.21	0.0877	0.0228	
 5160	   33	    0	6.35e+003	6.42e+003	0.0978	    0	    0	    0	    0	-1111	0.222	0.0877	0.0245	
 5190	   45	    0	6.39e+003	6.46e+003	0.112	    0	    0	    0	    0	-1111	0.217	0.0877	0.028	
 5220	   54	    0	6.45e+003	6.52e+003	0.123	    0	    0	    0	0.00163	-1111	0.215	0.0877	0.0306	
 5250	   72	    0	6.5e+003	6.58e+003	 0.12	    0	    0	    0	0.00166	-1111	0.206	0.0877	0.03	
 5280	   90	    0	6.54e+003	6.62e+003	0.111	    0	    0	    0	0.00164	-1111	0.214	0.0877	0.0278	
 5310	  102	    0	6.58e+003	6.67e+003	0.132	    0	    0	    0	0.00167	-1111	0.208	0.0877	0.033	
 5340	  114	    0	6.62e+003	6.71e+003	0.128	    0	    0	    0	0.00167	-1111	0.208	0.0877	0.0321	
 5370	  123	    0	6.67e+003	6.77e+003	0.128	    0	    0	    0	0.00162	-1111	0.225	0.0877	0.0321	
 5400	  132	    0	6.71e+003	6.81e+003	0.126	    0	    0	    0	    0	-1111	0.212	0.0877	0.0316	
 5430	  141	    0	6.76e+003	6.86e+003	0.126	    0	    0	    0	    0	-1111	0.211	0.0877	0.0315	
 5460	  144	    0	6.79e+003	6.9e+003	0.125	    0	    0	    0	    0	-1111	0.227	0.0889	0.0314	
 5490	  156	    0	6.83e+003	6.94e+003	0.129	    0	    0	    0	    0	-1111	0.214	0.0889	0.0323	
 5520	  168	    0	6.88e+003	7e+003	0.122	    0	    0	    0	    0	-1111	0.213	0.0889	0.0305	
 5550	  171	    0	6.93e+003	7.06e+003	0.135	    0	    0	    0	    0	-1111	0.215	0.0889	0.0338	
 5580	  186	    0	6.97e+003	7.1e+003	0.152	    0	    0	    0	    0	-1111	0.216	0.0889	0.038	
 5610	  204	    0	7.02e+003	7.15e+003	0.158	    0	    0	    0	    0	-1111	0.227	0.0889	0.0396	
 5640	  231	    0	7.07e+003	7.21e+003	0.158	    0	    0	    0	    0	-1111	0.214	0.0889	0.0394	
 5670	  243	    0	7.12e+003	7.27e+003	0.141	0.00144	    0	    0	    0	-1111	0.241	0.0889	0.036	
 5700	  249	    0	7.18e+003	7.33e+003	0.148	0.00149	    0	    0	    0	-1111	0.231	0.0889	0.0376	
 5730	  266	    0	7.21e+003	7.37e+003	0.132	0.00294	    0	    0	0.00294	-1111	0.246	0.0889	0.0345	
 5760	  278	    0	7.28e+003	7.45e+003	0.133	0.00143	    0	    0	    0	-1111	0.253	0.0889	0.034	
 5790	  299	    0	7.32e+003	7.5e+003	0.134	    0	    0	    0	    0	-1111	0.241	0.0889	0.0334	
 5820	  308	    0	7.38e+003	7.56e+003	0.142	    0	    0	    0	    0	-1111	0.219	0.0889	0.0356	
 5850	  329	    0	7.42e+003	7.6e+003	0.134	    0	    0	    0	    0	-1111	0.212	0.0965	0.0336	
 5880	  341	    0	7.47e+003	7.66e+003	0.137	    0	    0	    0	    0	-1111	0.228	0.0965	0.0343	
 5910	  350	    0	7.5e+003	7.7e+003	0.153	    0	    0	    0	    0	-1111	0.209	0.0965	0.0383	
 5940	  362	    0	7.55e+003	7.76e+003	0.148	    0	    0	    0	    0	-1111	0.202	0.0965	0.0369	
 5970	  380	    0	7.58e+003	7.79e+003	0.146	    0	    0	    0	    0	-1111	 0.19	0.0965	0.0366	
 6000	  389	    0	7.62e+003	7.85e+003	 0.15	0.00169	    0	    0	    0	-1111	0.182	0.0965	0.0384	
 6030	  401	    0	7.66e+003	7.89e+003	 0.15	0.00338	    0	    0	    0	-1111	0.185	0.0965	0.0393	
 6060	  419	    0	7.71e+003	7.95e+003	0.128	0.0035	    0	    0	    0	-1111	0.189	0.0965	0.0337	
 6090	  428	    0	7.75e+003	8e+003	0.103	0.00354	    0	    0	    0	-1111	0.193	0.0965	0.0274	
 6120	  431	    0	7.79e+003	8.04e+003	0.0935	0.00353	    0	    0	    0	-1111	0.191	0.0965	0.0251	
 6150	  443	    0	7.82e+003	8.08e+003	0.0849	0.00173	    0	    0	    0	-1111	0.185	0.0965	0.0221	
 6180	  452	    0	7.86e+003	8.12e+003	0.0728	0.00166	    0	    0	    0	-1111	0.194	0.0965	0.019	
 6210	  461	    0	7.89e+003	8.16e+003	0.0736	0.0016	    0	    0	    0	-1111	0.208	0.0827	0.0192	
 6240	  476	    0	7.94e+003	8.22e+003	0.0899	    0	    0	    0	    0	-1111	0.213	0.0827	0.0225	
 6270	  494	    0	8e+003	8.29e+003	0.112	    0	    0	    0	    0	-1111	0.241	0.0827	0.0281	
 6300	  512	    0	8.05e+003	8.35e+003	0.128	    0	    0	    0	    0	-1111	0.253	0.0827	0.0319	
 6330	  536	    0	8.11e+003	8.42e+003	0.143	    0	    0	    0	    0	-1111	0.248	0.0827	0.0358	
 6360	  549	    0	8.16e+003	8.48e+003	0.138	    0	    0	    0	    0	-1111	0.234	0.0827	0.0345	
 6390	  558	    0	8.22e+003	8.55e+003	0.141	    0	    0	    0	    0	-1111	0.255	0.0827	0.0352	
 6420	  573	    0	8.27e+003	8.62e+003	0.129	    0	    0	    0	    0	-1111	0.279	0.0827	0.0323	
 6450	  591	    0	8.33e+003	8.69e+003	0.135	    0	    0	    0	    0	-1111	0.288	0.0827	0.0336	
 6480	  600	    0	8.39e+003	8.76e+003	0.148	    0	    0	    0	    0	-1111	0.279	0.0827	0.0369	
 6510	  627	    0	8.45e+003	8.83e+003	0.146	    0	    0	    0	    0	-1111	0.274	0.0827	0.0366	
 6540	  645	    0	8.51e+003	8.9e+003	0.128	    0	    0	    0	    0	-1111	0.269	0.0827	0.0319	
 6570	  663	    0	8.56e+003	8.96e+003	0.137	    0	    0	    0	0.0012	-1111	0.258	0.113	0.0342	
 6600	  675	    0	8.61e+003	9.03e+003	0.142	0.00118	    0	    0	    0	-1111	0.258	0.113	0.0361	
 6630	  687	    0	8.68e+003	9.11e+003	0.134	0.00241	    0	    0	    0	-1111	0.267	0.113	0.0347	
 6660	  702	    0	8.73e+003	9.18e+003	 0.14	0.00237	    0	    0	    0	-1111	0.263	0.113	0.0362	
 6690	  726	    0	8.79e+003	9.25e+003	0.137	0.00365	    0	    0	    0	-1111	0.267	0.113	0.0362	
 6720	  738	    0	8.86e+003	9.33e+003	0.134	0.00359	    0	    0	    0	-1111	0.274	0.113	0.0353	
 6750	  750	    0	8.92e+003	9.41e+003	 0.14	0.00231	    0	    0	    0	-1111	0.278	0.113	0.0361	
 6780	  765	    0	8.98e+003	9.49e+003	0.146	0.0012	    0	    0	    0	-1111	 0.25	0.113	0.037	
 6810	  776	    0	9.03e+003	9.54e+003	0.147	0.00349	    0	    0	0.00233	-1111	0.257	0.113	0.0384	
 6840	  798	    0	9.07e+003	9.6e+003	0.142	0.00251	    0	    0	0.00251	-1111	0.232	0.113	0.0367	
 6870	  804	    0	9.12e+003	9.66e+003	0.141	0.00257	    0	    0	0.00257	-1111	0.223	0.113	0.0366	
 6900	  818	    0	9.18e+003	9.73e+003	0.148	0.00254	    0	    0	0.00254	-1111	0.237	0.113	0.0384	
 6930	  827	    0	9.22e+003	9.79e+003	 0.15	0.00273	    0	    0	0.00273	-1111	0.218	0.111	0.0389	
 6960	  848	    0	9.26e+003	9.84e+003	0.145	0.00422	    0	    0	0.00281	-1111	0.212	0.111	0.0383	
 6990	  861	    0	9.3e+003	9.89e+003	0.139	0.00293	    0	    0	0.00146	-1111	0.187	0.111	0.0362	
 7020	  867	    0	9.35e+003	9.95e+003	0.132	0.00147	    0	    0	    0	-1111	0.186	0.111	0.0338	
 7050	  876	    0	9.38e+003	9.99e+003	0.129	0.00157	    0	    0	    0	-1111	0.185	0.111	0.033	
 7080	  888	    0	9.42e+003	1e+004	0.142	0.00165	    0	    0	    0	-1111	0.179	0.111	0.0364	
 7110	  897	    0	9.46e+003	1.01e+004	0.138	    0	    0	    0	    0	-1111	0.163	0.111	0.0345	
 7140	  906	    0	9.49e+003	1.01e+004	0.129	    0	    0	    0	    0	-1111	0.161	0.111	0.0323	
 7170	  912	    0	9.53e+003	1.02e+004	0.134	    0	    0	    0	    0	-1111	 0.17	0.111	0.0335	
 7200	  915	    0	9.57e+003	1.02e+004	 0.14	    0	    0	    0	    0	-1111	0.167	0.111	0.0349	
 7230	  927	    0	9.6e+003	1.03e+004	0.127	    0	    0	    0	    0	-1111	0.183	0.111	0.0318	
 7260	  930	    0	9.64e+003	1.03e+004	0.121	    0	    0	    0	    0	-1111	0.195	0.111	0.0302	
 7290	  933	    0	9.69e+003	1.04e+004	 0.12	    0	    0	    0	0.00157	-1111	  0.2	0.0743	0.0299	
 7320	  951	    0	9.72e+003	1.04e+004	0.125	    0	    0	    0	0.0016	-1111	0.184	0.0743	0.0312	
 7350	  957	    0	9.76e+003	1.05e+004	0.118	0.00159	    0	    0	0.00159	-1111	0.187	0.0743	0.0302	
 7380	  966	    0	9.79e+003	1.05e+004	0.125	0.00319	    0	    0	0.0016	-1111	0.185	0.0743	0.0327	
 7410	  987	    0	9.83e+003	1.06e+004	0.124	0.00319	    0	    0	0.00159	-1111	0.181	0.0743	0.0327	
 7440	  996	    0	9.88e+003	1.06e+004	0.114	0.00156	    0	    0	    0	-1111	0.189	0.0743	0.0293	
 7470	  999	    0	9.91e+003	1.07e+004	0.115	0.00312	    0	    0	    0	-1111	0.201	0.0743	0.0304	
 7500	1.01e+003	    0	9.96e+003	1.07e+004	0.109	0.00299	    0	    0	    0	-1111	0.213	0.0743	0.0288	
 7530	1.02e+003	    0	1e+004	1.08e+004	0.0917	0.00143	    0	    0	    0	-1111	0.231	0.0743	0.0236	
 7560	1.03e+003	    0	1.01e+004	1.09e+004	0.0819	0.00139	    0	    0	0.00139	-1111	0.234	0.0743	0.0212	
 7590	1.03e+003	    0	1.01e+004	1.09e+004	0.0709	0.00131	    0	    0	    0	-1111	0.247	0.0743	0.0184	
 7620	1.03e+003	    0	1.02e+004	1.1e+004	0.0673	    0	    0	    0	    0	-1111	0.249	0.0743	0.0168	
 7650	1.03e+003	    0	1.02e+004	1.11e+004	0.0678	    0	    0	    0	    0	-1111	0.228	0.0882	0.0169	
 7680	1.03e+003	    0	1.03e+004	1.11e+004	0.0691	    0	    0	    0	    0	-1111	0.239	0.0882	0.0173	
 7710	1.05e+003	    0	1.03e+004	1.12e+004	0.0699	    0	    0	    0	    0	-1111	0.239	0.0882	0.0175	
 7740	1.06e+003	    0	1.04e+004	1.13e+004	0.0843	    0	    0	    0	    0	-1111	0.252	0.0882	0.0211	
 7770	1.07e+003	    0	1.04e+004	1.14e+004	0.0909	    0	    0	    0	    0	-1111	 0.26	0.0882	0.0227	
 7800	1.08e+003	    0	1.05e+004	1.14e+004	0.0888	    0	    0	    0	    0	-1111	0.254	0.0882	0.0222	
 7830	1.11e+003	    0	1.05e+004	1.15e+004	0.0961	    0	    0	    0	    0	-1111	 0.26	0.0882	0.024	
 7860	1.12e+003	    0	1.06e+004	1.16e+004	0.108	    0	    0	    0	    0	-1111	0.291	0.0882	0.027	
 7890	1.13e+003	    0	1.07e+004	1.17e+004	0.117	    0	    0	    0	0.00104	-1111	0.302	0.0882	0.0292	
 7920	1.16e+003	    0	1.07e+004	1.18e+004	0.121	    0	    0	    0	    0	-1111	0.289	0.0882	0.0302	
 7950	1.18e+003	    0	1.08e+004	1.19e+004	0.123	0.00103	    0	    0	    0	-1111	 0.29	0.0882	0.0314	
 7980	1.2e+003	    0	1.09e+004	1.19e+004	0.129	0.00104	    0	    0	    0	-1111	0.279	0.0882	0.0328	
 8010	1.22e+003	    0	1.09e+004	1.2e+004	0.126	0.00104	    0	    0	    0	-1111	0.276	0.0882	0.032	
 8040	1.24e+003	    0	1.1e+004	1.21e+004	0.144	0.00104	    0	    0	    0	-1111	0.271	 0.12	0.0365	
 8070	1.27e+003	    0	1.11e+004	1.22e+004	0.137	    0	    0	    0	    0	-1111	0.281	 0.12	0.0343	
 8100	1.29e+003	    0	1.11e+004	1.23e+004	0.152	    0	    0	    0	    0	-1111	0.282	 0.12	0.0379	
 8130	1.32e+003	    0	1.12e+004	1.24e+004	0.141	    0	    0	    0	    0	-1111	0.278	 0.12	0.0352	
 8160	1.34e+003	    0	1.12e+004	1.25e+004	 0.14	0.00102	    0	    0	    0	-1111	0.285	 0.12	0.0356	
 8190	1.36e+003	    0	1.13e+004	1.26e+004	0.142	0.001	    0	    0	    0	-1111	0.294	 0.12	0.036	
 8220	1.38e+003	    0	1.14e+004	1.27e+004	0.154	0.00201	    0	    0	0.001	-1111	0.289	 0.12	0.0396	
 8250	1.4e+003	    0	1.14e+004	1.27e+004	0.165	0.00201	    0	    0	0.00101	-1111	0.282	 0.12	0.0423	
 8280	1.41e+003	    0	1.15e+004	1.28e+004	0.168	0.00101	    0	    0	0.00101	-1111	0.262	 0.12	0.0425	
 8310	1.44e+003	    0	1.15e+004	1.29e+004	 0.19	0.00206	    0	    0	0.00103	-1111	0.261	 0.12	0.0485	
 8340	1.46e+003	    0	1.16e+004	1.3e+004	0.204	0.00108	    0	    0	    0	-1111	 0.24	 0.12	0.0516	
 8370	1.47e+003	    0	1.16e+004	1.3e+004	 0.21	0.00228	    0	    0	    0	-1111	0.221	 0.12	0.0535	
 8400	1.5e+003	    0	1.17e+004	1.31e+004	0.232	    0	    0	    0	    0	-1111	0.204	0.119	0.058	
 8430	1.52e+003	    0	1.17e+004	1.31e+004	0.245	    0	    0	    0	    0	-1111	0.194	0.119	0.0613	
 8460	1.54e+003	    0	1.18e+004	1.32e+004	0.238	0.00131	    0	    0	    0	-1111	0.185	0.119	0.0601	
 8490	1.56e+003	    0	1.18e+004	1.33e+004	0.246	    0	    0	    0	    0	-1111	0.174	0.119	0.0615	
 8520	1.58e+003	    0	1.18e+004	1.33e+004	0.231	    0	    0	    0	    0	-1111	0.195	0.119	0.0577	
 8550	1.59e+003	    0	1.19e+004	1.34e+004	0.236	    0	    0	    0	    0	-1111	0.188	0.119	0.059	
 8580	1.61e+003	    0	1.19e+004	1.34e+004	0.264	    0	    0	    0	    0	-1111	0.191	0.119	0.066	
 8610	1.63e+003	    0	1.2e+004	1.35e+004	 0.26	0.00149	    0	    0	    0	-1111	0.183	0.119	0.0657	
 8640	1.65e+003	    0	1.2e+004	1.35e+004	0.268	0.00143	    0	    0	    0	-1111	0.196	0.119	0.0677	
 8670	1.69e+003	    0	1.2e+004	1.36e+004	 0.29	0.00139	    0	    0	    0	-1111	0.196	0.119	0.0732	
 8700	1.72e+003	    0	1.21e+004	1.37e+004	0.306	0.00144	    0	    0	    0	-1111	 0.19	0.119	0.0772	
 8730	1.75e+003	    0	1.21e+004	1.37e+004	0.317	0.0014	    0	    0	    0	-1111	0.199	0.119	0.0801	
 8760	1.79e+003	    0	1.22e+004	1.38e+004	0.319	    0	    0	    0	0.00146	-1111	0.178	0.0811	0.0798	
 8790	1.83e+003	    0	1.22e+004	1.38e+004	0.314	    0	    0	    0	0.00152	-1111	 0.17	0.0811	0.0784	
 8820	1.85e+003	    0	1.22e+004	1.39e+004	0.322	    0	    0	    0	    0	-1111	0.162	0.0811	0.0805	
 8850	1.88e+003	    0	1.23e+004	1.39e+004	0.331	    0	    0	    0	    0	-1111	0.166	0.0811	0.0828	
 8880	1.91e+003	    0	1.23e+004	1.4e+004	0.351	    0	    0	    0	    0	-1111	0.168	0.0811	0.0878	
 8910	1.96e+003	    0	1.23e+004	1.4e+004	0.352	    0	    0	    0	    0	-1111	0.164	0.0811	0.088	
 8940	1.98e+003	    0	1.24e+004	1.41e+004	0.381	    0	    0	    0	    0	-1111	0.181	0.0811	0.0953	
 8970	2.02e+003	    0	1.24e+004	1.42e+004	0.377	    0	    0	    0	    0	-1111	0.183	0.0811	0.0942	
 9000	2.07e+003	    0	1.25e+004	1.42e+004	0.375	    0	    0	    0	    0	-1111	0.175	0.0811	0.0938	
 9030	2.1e+003	    0	1.25e+004	1.43e+004	0.377	    0	    0	    0	    0	-1111	0.181	0.0811	0.0943	
 9060	2.14e+003	    0	1.25e+004	1.43e+004	0.374	0.00282	    0	    0	    0	-1111	0.183	0.0811	0.095	
 9090	2.16e+003	    0	1.26e+004	1.44e+004	0.358	0.00281	    0	    0	    0	-1111	0.191	0.0811	0.0909	
 9120	2.19e+003	    0	1.26e+004	1.45e+004	0.365	0.00133	    0	    0	    0	-1111	0.213	0.0763	0.092	
 9150	2.24e+003	    0	1.27e+004	1.45e+004	0.364	0.00265	    0	    0	    0	-1111	0.209	0.0763	0.0924	
 9180	2.28e+003	    0	1.27e+004	1.46e+004	0.385	0.00525	    0	    0	0.00131	-1111	0.203	0.0763	0.0988	
 9210	2.32e+003	    0	1.27e+004	1.47e+004	0.384	0.00632	    0	    0	    0	-1111	0.199	0.0763	0.0992	
 9240	2.37e+003	    0	1.28e+004	1.47e+004	0.393	0.00775	    0	    0	0.00129	-1111	0.193	0.0763	0.102	
 9270	2.42e+003	    0	1.28e+004	1.48e+004	0.404	0.00889	    0	    0	0.00254	-1111	0.196	0.0763	0.105	
 9300	2.47e+003	    0	1.29e+004	1.49e+004	0.425	0.0128	    0	    0	0.00384	-1111	0.202	0.0763	0.113	
 9330	2.52e+003	    3	1.29e+004	1.49e+004	0.437	0.0122	    0	    0	0.00543	-1111	0.187	0.0763	0.115	
 9360	2.58e+003	    3	1.3e+004	1.5e+004	0.455	0.0149	    0	    0	0.00951	-1111	 0.19	0.0763	0.121	
 9390	2.61e+003	    3	1.3e+004	1.5e+004	0.468	0.0177	    0	    0	0.015	-1111	0.182	0.0763	0.126	
 9420	2.65e+003	   12	1.3e+004	1.51e+004	 0.47	0.0193	    0	    0	0.0167	-1111	0.194	0.0763	0.127	
 9450	2.73e+003	   15	1.31e+004	1.52e+004	0.472	0.0197	    0	    0	0.0171	-1111	0.191	0.0763	0.128	
 9480	2.76e+003	   15	1.31e+004	1.52e+004	0.467	0.016	    0	    0	0.0134	-1111	0.191	0.0828	0.125	
 9510	2.8e+003	   15	1.32e+004	1.53e+004	0.473	0.0109	    0	    0	0.0109	-1111	0.186	0.0828	0.124	
 9540	2.84e+003	   15	1.32e+004	1.54e+004	0.467	0.0082	    0	    0	0.0082	-1111	0.181	0.0828	0.121	
 9570	2.88e+003	   15	1.32e+004	1.54e+004	0.454	0.00531	    0	    0	0.00531	-1111	0.186	0.0828	0.116	
 9600	2.93e+003	   15	1.33e+004	1.55e+004	0.449	0.00128	    0	    0	0.00128	-1111	0.198	0.0828	0.113	
 9630	2.98e+003	   15	1.33e+004	1.56e+004	0.454	    0	    0	    0	    0	-1111	0.193	0.0828	0.113	
 9660	3.01e+003	   15	1.34e+004	1.56e+004	 0.45	    0	    0	    0	    0	-1111	0.178	0.0828	0.112	
 9690	3.05e+003	   15	1.34e+004	1.57e+004	0.463	    0	    0	    0	    0	-1111	0.188	0.0828	0.116	
 9720	3.13e+003	   15	1.35e+004	1.58e+004	0.453	0.00129	    0	    0	0.00129	-1111	0.193	0.0828	0.114	
 9750	3.18e+003	   15	1.35e+004	1.58e+004	0.451	0.00129	    0	    0	0.00129	-1111	0.198	0.0828	0.113	
 9780	3.23e+003	   15	1.35e+004	1.59e+004	 0.46	0.00124	    0	    0	0.00248	-1111	0.204	0.0828	0.116	
 9810	3.25e+003	   15	1.36e+004	1.6e+004	0.466	0.00131	    0	    0	0.00131	-1111	0.186	0.0828	0.117	
 9840	3.3e+003	   15	1.36e+004	1.6e+004	0.462	    0	    0	    0	    0	-1111	0.191	0.0814	0.116	
 9870	3.34e+003	   15	1.37e+004	1.61e+004	0.482	0.00131	    0	    0	0.00131	-1111	0.189	0.0814	0.121	
 9900	3.39e+003	   15	1.37e+004	1.62e+004	0.509	0.00131	    0	    0	0.00131	-1111	0.183	0.0814	0.128	
 9930	3.42e+003	   15	1.38e+004	1.63e+004	 0.51	0.00126	    0	    0	    0	-1111	0.192	0.0814	0.128	
 9960	3.46e+003	   15	1.38e+004	1.63e+004	0.526	0.00245	    0	    0	    0	-1111	0.202	0.0814	0.133	
 9990	3.51e+003	   15	1.39e+004	1.64e+004	0.522	0.00373	    0	    0	    0	-1111	0.204	0.0814	0.132	
10020	3.57e+003	   15	1.39e+004	1.65e+004	0.533	0.00372	    0	    0	    0	-1111	0.204	0.0814	0.135	
10050	3.63e+003	   15	1.39e+004	1.66e+004	0.542	0.00495	    0	    0	0.00124	-1111	0.196	0.0814	0.138	
10080	3.68e+003	   15	1.4e+004	1.66e+004	0.547	0.00484	    0	    0	0.00121	-1111	0.199	0.0814	0.139	
10110	3.75e+003	   15	1.4e+004	1.67e+004	0.553	0.00474	    0	    0	0.00118	-1111	0.203	0.0814	0.141	
10140	3.8e+003	   15	1.41e+004	1.68e+004	 0.54	0.00353	    0	    0	0.00118	-1111	0.203	0.0814	0.137	
10170	3.89e+003	   15	1.41e+004	1.69e+004	0.543	0.00234	    0	    0	0.00117	-1111	0.205	0.0814	0.137	
10200	3.95e+003	   15	1.42e+004	1.69e+004	0.548	0.00117	    0	    0	    0	-1111	0.209	0.0814	0.138	
10230	4.04e+003	   15	1.42e+004	1.7e+004	0.544	0.0024	    0	    0	    0	-1111	0.199	0.0865	0.137	
10260	4.09e+003	   15	1.43e+004	1.71e+004	0.553	0.00236	    0	    0	    0	-1111	0.205	0.0865	0.139	
10290	4.15e+003	   15	1.43e+004	1.72e+004	0.535	0.00243	    0	    0	    0	-1111	0.197	0.0865	0.135	
10320	4.21e+003	   15	1.44e+004	1.72e+004	0.518	0.00234	    0	    0	    0	-1111	0.204	0.0865	0.131	
10350	4.26e+003	   15	1.44e+004	1.73e+004	0.503	0.00234	    0	    0	    0	-1111	0.203	0.0865	0.127	
10380	4.31e+003	   15	1.45e+004	1.74e+004	0.495	0.00225	    0	    0	    0	-1111	0.222	0.0865	0.125	
10410	4.37e+003	   15	1.45e+004	1.75e+004	0.463	0.00335	    0	    0	    0	-1111	 0.22	0.0865	0.117	
10440	4.41e+003	   15	1.46e+004	1.76e+004	0.461	0.00221	    0	    0	    0	-1111	0.224	0.0865	0.116	
10470	4.47e+003	   15	1.46e+004	1.77e+004	0.454	0.00108	    0	    0	    0	-1111	0.214	0.0865	0.114	
10500	4.54e+003	   15	1.47e+004	1.77e+004	0.445	0.0032	    0	    0	0.00107	-1111	 0.22	0.0865	0.113	
10530	4.6e+003	   15	1.47e+004	1.78e+004	0.429	0.00426	    0	    0	0.00106	-1111	0.225	0.0865	0.109	
10560	4.67e+003	   15	1.48e+004	1.79e+004	0.439	0.0021	    0	    0	    0	-1111	0.228	0.0865	0.111	
10590	4.73e+003	   15	1.48e+004	1.8e+004	0.451	0.00207	    0	    0	    0	-1111	0.234	0.0955	0.114	
10620	4.8e+003	   15	1.49e+004	1.81e+004	 0.46	0.00309	    0	    0	    0	-1111	 0.24	0.0955	0.117	
10650	4.88e+003	   15	1.49e+004	1.82e+004	 0.45	0.00291	    0	    0	    0	-1111	0.261	0.0955	0.114	
10680	4.94e+003	   15	1.5e+004	1.83e+004	0.466	0.00385	    0	    0	    0	-1111	0.265	0.0955	0.118	
10710	5e+003	   15	1.51e+004	1.84e+004	0.493	0.00371	    0	    0	    0	-1111	0.275	0.0955	0.125	
10740	5.09e+003	   15	1.51e+004	1.85e+004	0.509	0.00433	    0	    0	    0	-1111	0.291	0.0955	0.129	
10770	5.19e+003	   15	1.52e+004	1.86e+004	0.512	0.0076	    0	    0	    0	-1111	0.291	0.0955	0.132	
10800	5.3e+003	   15	1.53e+004	1.88e+004	0.535	0.00738	    0	    0	    0	-1111	0.288	0.0955	0.137	
10830	5.41e+003	   15	1.53e+004	1.89e+004	0.542	0.00552	    0	    0	    0	-1111	0.296	0.0955	0.138	
10860	5.49e+003	   15	1.54e+004	1.9e+004	0.559	0.00622	    0	    0	    0	-1111	 0.31	0.0955	0.143	
10890	5.6e+003	   15	1.55e+004	1.92e+004	 0.58	0.00986	    0	    0	    0	-1111	0.329	0.0955	0.15	
10920	5.72e+003	   15	1.56e+004	1.93e+004	0.582	0.00904	    0	    0	    0	-1111	0.323	0.0955	0.15	
10950	5.84e+003	   15	1.56e+004	1.94e+004	0.583	0.0082	    0	    0	    0	-1111	0.311	0.135	0.15	
10980	5.94e+003	   15	1.57e+004	1.96e+004	0.599	0.0106	    0	    0	    0	-1111	 0.33	0.135	0.155	
11010	6.06e+003	   15	1.58e+004	1.98e+004	0.606	0.0103	    0	    0	    0	-1111	0.348	0.135	0.157	
11040	6.2e+003	   15	1.59e+004	1.99e+004	0.613	0.00989	    0	    0	    0	-1111	0.371	0.135	0.158	
11070	6.33e+003	   15	1.6e+004	2.01e+004	 0.62	0.013	    0	    0	0.00196	-1111	0.372	0.135	0.161	
11100	6.48e+003	   15	1.61e+004	2.02e+004	 0.63	0.0144	    0	    0	0.00197	-1111	0.356	0.135	0.165	
11130	6.6e+003	   15	1.62e+004	2.04e+004	0.632	0.0141	    0	    0	0.00257	-1111	0.355	0.135	0.165	
11160	6.74e+003	   15	1.62e+004	2.05e+004	0.637	0.0147	    0	    0	0.00255	-1111	0.347	0.135	0.167	
11190	6.92e+003	   15	1.63e+004	2.07e+004	0.621	0.0149	    0	    0	0.00194	-1111	0.346	0.135	0.163	
11220	7.04e+003	   15	1.64e+004	2.08e+004	0.632	0.0155	    0	    0	0.00129	-1111	0.342	0.135	0.166	
11250	7.19e+003	   15	1.65e+004	2.09e+004	0.627	0.0141	    0	    0	0.00067	-1111	0.331	0.135	0.164	
11280	7.29e+003	   15	1.66e+004	2.11e+004	0.637	0.017	    0	    0	0.000679	-1111	0.321	0.135	0.168	
1408512055	1	100000	0.13	0.6	0.005	1	4	35	5	10	4	2	0.35	0.447	0.135	90.4	7.36e+003	7.41e+003	7.36e+003	15	0.00349	0.0513	0.00657	1.01	300	60	1.02	1.04	1.03	1	1	1.02	1	1	1.02	1	1.03	1	1.01	1.02	1	6814	2291	830	151	150	184	211	156	140	107	101	342	2011	8407	9852	0.00877	0.0104	0.0102	0.0111	0.0103	0.0105	0.00973	0.0106	0.00967	0.01	0.00968	0.0093	0.0101	0.01	0.00905	0.0039	0.00439	0.00465	0.00406	0.00226	0.00436	0.00356	0.00497	0.00296	0.00375	0.0023	0.00369	0.0033	0.00288	0.00266	0.0286	0.0595	0.0471	0.0409	0.0333	0.0405	0.0423	0.0646	0.0614	0.0479	0.0577	0.05	0.0508	0.0592	0.0372	0.0981	0.000236	0.000621	0.00111	0.00132	0.00218	0.00243	0.00252	0.00355	0.00359	0.00344	0.00354	0.00364	0.00354	0.00501	1450	16	1	0	0	0	0	0	5649	6047	9361	-1	-1	-1	-1	-1	-1	-1	-1	-1	-1	-1	-1	-1	-1	-1	-1	-1	-1	-1	-1	-1	-1	-1	-1	-1	-1	-1	-1	-1	-1	-1	-1	-1	4270	4469	5021	8326	9213	-1	4343	9285	9361	-1	-1	-1	10	9436	9372	92.8	11	9303	9252	87.4	12	9370	9312	94.1	11301	5156	237185	0.00782	0.00889	0.00584	0.00504	0.00365	0.00348	0.00332	0.00244	0.00269	0.00184	0.00245	0.00158	0.000717	0.000632	0.000857	5156	
