1408512726
    0	    0	    0	    0	    0	    0	    0	    0	    0	    0	-1111	 4.78	    0	0	
   30	    0	    0	    0	    0	    0	    0	    0	    0	    0	-1111	 12.2	    0	0	
   60	    0	    0	    0	    0	    0	    0	    0	    0	    0	-1111	 15.4	    0	0	
   90	    0	    0	    0	    0	    0	    0	    0	    0	    0	-1111	 18.3	    0	0	
  120	    0	    0	    0	    0	    0	    0	    0	    0	    0	-1111	 17.5	    0	0	
  150	    0	    0	    0	    0	    0	    0	    0	    0	    0	-1111	 18.5	    0	0	
  180	    0	    0	    0	    0	    0	    0	    0	    0	    0	-1111	   19	    0	0	
  210	    0	    0	    0	    0	    0	    0	    0	    0	    0	-1111	 19.1	    0	0	
  240	    0	    0	    0	    0	    0	    0	    0	    0	    0	-1111	   19	    0	0	
  270	    0	    0	    0	    0	    0	    0	    0	    0	    0	-1111	 18.4	    0	0	
  300	    0	    0	    0	    0	    0	    0	    0	    0	    0	-1111	 17.7	    0	0	
  330	    0	    0	    0	    0	    0	    0	    0	    0	    0	-1111	 16.8	    0	0	
  360	    0	    0	    0	    0	    0	    0	    0	    0	    0	-1111	 15.4	    0	0	
  390	    0	    0	    0	    0	    0	    0	    0	    0	    0	-1111	 14.2	    0	0	
  420	    0	    0	    0	    0	    0	    0	    0	    0	    0	-1111	 12.7	    0	0	
  450	    0	    0	    0	    0	    0	    0	    0	    0	    0	-1111	 11.3	    0	0	
  480	    0	    0	    0	    0	    0	    0	    0	    0	    0	-1111	   10	    0	0	
  510	    0	    0	    0	    0	    0	    0	    0	    0	    0	-1111	 8.97	    0	0	
  540	    0	    0	    0	    0	    0	    0	    0	    0	    0	-1111	 7.98	    0	0	
  570	    0	    0	    0	    0	    0	    0	    0	    0	    0	-1111	 7.09	    0	0	
  600	    0	    0	    0	    0	    0	    0	    0	    0	    0	-1111	 6.35	    0	0	
  630	    0	    0	    0	    0	    0	    0	    0	    0	    0	-1111	 5.64	    0	0	
  660	    0	    0	    0	    0	    0	    0	    0	    0	    0	-1111	 5.09	    0	0	
  690	    0	    0	    0	    0	    0	    0	    0	    0	    0	-1111	 4.62	    0	0	
  720	    0	    0	    0	    0	    0	    0	    0	    0	    0	-1111	 4.18	    0	0	
  750	    0	    0	    0	    0	    0	    0	    0	    0	    0	-1111	 3.93	    0	0	
  780	    0	    0	    0	    0	    0	    0	    0	    0	    0	-1111	 3.78	    0	0	
  810	    0	    0	    0	    0	    0	    0	    0	    0	    0	-1111	 3.67	    0	0	
  840	    0	    0	    0	    0	    0	    0	    0	    0	    0	-1111	 3.64	    0	0	
  870	    0	    0	    0	    0	    0	    0	    0	    0	    0	-1111	 3.64	    0	0	
  900	    0	    0	    0	    0	    0	    0	    0	    0	    0	-1111	 3.55	    0	0	
  930	    0	    0	    0	    0	    0	    0	    0	    0	    0	-1111	  3.6	    0	0	
  960	    0	    0	    0	    0	    0	    0	    0	    0	    0	-1111	  3.6	    0	0	
  990	    0	    0	    0	    0	    0	    0	    0	    0	    0	-1111	 3.72	    0	0	
 1020	    0	    0	    0	    0	    0	    0	    0	    0	    0	-1111	 3.71	    0	0	
 1050	    0	    0	    0	    0	    0	    0	    0	    0	    0	-1111	  3.9	    0	0	
 1080	    0	    0	    0	    0	    0	    0	    0	    0	    0	-1111	 4.15	    0	0	
 1110	    0	    0	    0	    0	    0	    0	    0	    0	    0	-1111	 4.21	    0	0	
 1140	    0	    0	    0	    0	    0	    0	    0	    0	    0	-1111	 4.42	    0	0	
 1170	    0	    0	    0	    0	    0	    0	    0	    0	    0	-1111	 4.65	    0	0	
 1200	    0	    0	    0	    0	    0	    0	    0	    0	    0	-1111	 4.84	    0	0	
 1230	    0	    0	    0	    0	    0	    0	    0	    0	    0	-1111	  5.1	    0	0	
 1260	    0	    0	    0	    0	    0	    0	    0	    0	    0	-1111	 5.28	    0	0	
 1290	    0	    0	    0	    0	    0	    0	    0	    0	    0	-1111	 5.51	    0	0	
 1320	    0	    0	    0	    0	    0	    0	    0	    0	    0	-1111	 5.78	    0	0	
 1350	    0	    0	    0	    0	    0	    0	    0	    0	    0	-1111	    6	    0	0	
 1380	    0	    0	    0	    0	    0	    0	    0	    0	    0	-1111	 6.15	    0	0	
 1410	    0	    0	    0	    0	    0	    0	    0	    0	    0	-1111	 6.34	    0	0	
 1440	    0	    0	    0	    0	    0	    0	    0	    0	    0	-1111	  6.5	    0	0	
 1470	    0	    0	    0	    0	    0	    0	    0	    0	    0	-1111	 6.73	    0	0	
 1500	    0	    0	    0	    0	    0	    0	    0	    0	    0	-1111	 6.84	    0	0	
 1530	    0	    0	    0	    0	    0	    0	    0	    0	    0	-1111	 6.96	    0	0	
 1560	    0	    0	    0	    0	    0	    0	    0	    0	    0	-1111	 7.11	    0	0	
 1590	    0	    0	    0	    0	    0	    0	    0	    0	    0	-1111	 7.17	    0	0	
 1620	    0	    0	    0	    0	    0	    0	    0	    0	    0	-1111	 7.19	    0	0	
 1650	    0	    0	    0	    0	    0	    0	    0	    0	    0	-1111	 7.18	    0	0	
 1680	    0	    0	    0	    0	    0	    0	    0	    0	    0	-1111	 7.11	    0	0	
 1710	    0	    0	    0	    0	    0	    0	    0	    0	    0	-1111	 7.12	    0	0	
 1740	    0	    0	    0	    0	    0	    0	    0	    0	    0	-1111	 6.99	    0	0	
 1770	    0	    0	    0	    0	    0	    0	    0	    0	    0	-1111	 6.77	    0	0	
 1800	    0	    0	    0	    0	    0	    0	    0	    0	    0	-1111	 6.57	    0	0	
 1830	    0	    0	    0	    0	    0	    0	    0	    0	    0	-1111	 6.32	    0	0	
 1860	    0	    0	    0	    0	    0	    0	    0	    0	    0	-1111	 6.18	    0	0	
 1890	    0	    0	    0	    0	    0	    0	    0	    0	    0	-1111	 6.01	    0	0	
 1920	    0	    0	    0	    0	    0	    0	    0	    0	    0	-1111	 5.93	    0	0	
 1950	    0	    0	    0	    0	    0	    0	    0	    0	    0	-1111	 5.93	    0	0	
 1980	    0	    0	    0	    0	    0	    0	    0	    0	    0	-1111	 5.83	    0	0	
 2010	    0	    0	    0	    0	    0	    0	    0	    0	    0	-1111	  5.7	    0	0	
 2040	    0	    0	    0	    0	    0	    0	    0	    0	    0	-1111	 5.65	    0	0	
 2070	    0	    0	    0	    0	    0	    0	    0	    0	    0	-1111	 5.63	    0	0	
 2100	    0	    0	    0	    0	    0	    0	    0	    0	    0	-1111	 5.57	    0	0	
 2130	    0	    0	    0	    0	    0	    0	    0	    0	    0	-1111	 5.52	    0	0	
 2160	    0	    0	    0	    0	    0	    0	    0	    0	    0	-1111	 5.44	    0	0	
 2190	    0	    0	    0	    0	    0	    0	    0	    0	    0	-1111	 5.44	    0	0	
 2220	    0	    0	    0	    0	    0	    0	    0	    0	    0	-1111	  5.4	    0	0	
 2250	    0	    0	    0	    0	    0	    0	    0	    0	    0	-1111	 5.34	    0	0	
 2280	    0	    0	    0	    0	    0	    0	    0	    0	    0	-1111	 5.44	    0	0	
 2310	    0	    0	    0	    0	    0	    0	    0	    0	    0	-1111	  5.5	    0	0	
 2340	    0	    0	    0	    0	    0	    0	    0	    0	    0	-1111	 5.63	    0	0	
 2370	    0	    0	    0	    0	    0	    0	    0	    0	    0	-1111	 5.62	    0	0	
 2400	    0	    0	    0	    0	    0	    0	    0	    0	    0	-1111	 5.54	    0	0	
 2430	    0	    0	    0	    0	    0	    0	    0	    0	    0	-1111	 5.48	    0	0	
 2460	    0	    0	    0	    0	    0	    0	    0	    0	    0	-1111	 5.42	    0	0	
 2490	    0	    0	    0	    0	    0	    0	    0	    0	    0	-1111	  5.4	    0	0	
 2520	    0	    0	    0	    0	    0	    0	    0	    0	    0	-1111	 5.49	    0	0	
 2550	    0	    0	    0	    0	    0	    0	    0	    0	    0	-1111	 5.43	    0	0	
 2580	    0	    0	    0	    0	    0	    0	    0	    0	    0	-1111	 5.55	    0	0	
 2610	    0	    0	    0	    0	    0	    0	    0	    0	    0	-1111	 5.61	    0	0	
 2640	    0	    0	    0	    0	    0	    0	    0	    0	    0	-1111	 5.73	    0	0	
 2670	    0	    0	    0	    0	    0	    0	    0	    0	    0	-1111	 5.93	    0	0	
 2700	    0	    0	    0	    0	    0	    0	    0	    0	    0	-1111	 5.98	    0	0	
 2730	    0	    0	    0	    0	    0	    0	    0	    0	    0	-1111	 6.09	    0	0	
 2760	    0	    0	    0	    0	    0	    0	    0	    0	    0	-1111	 6.17	    0	0	
 2790	    0	    0	    0	    0	    0	    0	    0	    0	    0	-1111	 6.17	    0	0	
 2820	    0	    0	    0	    0	    0	    0	    0	    0	    0	-1111	 6.15	    0	0	
 2850	    0	    0	    0	    0	    0	    0	    0	    0	    0	-1111	 6.07	    0	0	
 2880	    0	    0	    0	    0	    0	    0	    0	    0	    0	-1111	 6.01	    0	0	
 2910	    0	    0	    0	    0	    0	    0	    0	    0	    0	-1111	 5.97	    0	0	
 2940	    0	    0	    0	    0	    0	    0	    0	    0	    0	-1111	  5.9	    0	0	
 2970	    0	    0	    0	    0	    0	    0	    0	    0	    0	-1111	 5.94	    0	0	
 3000	    0	    0	    0	    0	    0	    0	    0	    0	    0	-1111	 5.94	    0	0	
 3030	    0	    0	    0	    0	    0	    0	    0	    0	    0	-1111	 5.87	    0	0	
 3060	    0	    0	    0	    0	    0	    0	    0	    0	    0	-1111	 5.87	    0	0	
 3090	    0	    0	    0	    0	    0	    0	    0	    0	    0	-1111	 5.92	    0	0	
 3120	    0	    0	    0	    0	    0	    0	    0	    0	    0	-1111	 5.89	    0	0	
 3150	    0	    0	    0	    0	    0	    0	    0	    0	    0	-1111	 5.89	    0	0	
 3180	    0	    0	    0	    0	    0	    0	    0	    0	    0	-1111	 5.87	    0	0	
 3210	    0	    0	    0	    0	    0	    0	    0	    0	    0	-1111	 5.91	    0	0	
 3240	    0	    0	    0	    0	    0	    0	    0	    0	    0	-1111	 5.84	    0	0	
 3270	    0	    0	    0	    0	    0	    0	    0	    0	    0	-1111	 5.73	    0	0	
 3300	    0	    0	    0	    0	    0	    0	    0	    0	    0	-1111	 5.78	    0	0	
 3330	    0	    0	    0	    0	    0	    0	    0	    0	    0	-1111	 5.73	    0	0	
 3360	    0	    0	    0	    0	    0	    0	    0	    0	    0	-1111	 5.75	    0	0	
 3390	    0	    0	    0	    0	    0	    0	    0	    0	    0	-1111	 5.79	    0	0	
 3420	    0	    0	    0	    0	    0	    0	    0	    0	    0	-1111	 5.84	    0	0	
 3450	    0	    0	    0	    0	    0	    0	    0	    0	    0	-1111	 5.81	    0	0	
 3480	    0	    0	    0	    0	    0	    0	    0	    0	    0	-1111	 5.92	    0	0	
 3510	    0	    0	    0	    0	    0	    0	    0	    0	    0	-1111	 5.98	    0	0	
 3540	    0	    0	    0	    0	    0	    0	    0	    0	    0	-1111	 5.99	    0	0	
 3570	    0	    0	    0	    0	    0	    0	    0	    0	    0	-1111	 6.01	    0	0	
 3600	    0	    0	    0	    0	    0	    0	    0	    0	    0	-1111	 5.94	    0	0	
 3630	    0	    0	    0	    0	    0	    0	    0	    0	    0	-1111	 5.95	    0	0	
 3660	    0	    0	    0	    0	    0	    0	    0	    0	    0	-1111	 5.92	    0	0	
 3690	    0	    0	    0	    0	    0	    0	    0	    0	    0	-1111	 5.87	    0	0	
 3720	    0	    0	    0	    0	    0	    0	    0	    0	    0	-1111	 5.77	    0	0	
 3750	    0	    0	    0	    0	    0	    0	    0	    0	    0	-1111	 5.82	    0	0	
 3780	    0	    0	    0	    0	    0	    0	    0	    0	    0	-1111	 5.87	    0	0	
 3810	    0	    0	    0	    0	    0	    0	    0	    0	    0	-1111	 5.92	    0	0	
 3840	    0	    0	    0	    0	    0	    0	    0	    0	    0	-1111	 5.96	    0	0	
 3870	    0	    0	    0	    0	    0	    0	    0	    0	    0	-1111	 5.92	    0	0	
 3900	    0	    0	    0	    0	    0	    0	    0	    0	    0	-1111	 5.86	    0	0	
 3930	    0	    0	    0	    0	    0	    0	    0	    0	    0	-1111	 5.74	    0	0	
 3960	    0	    0	    0	    0	    0	    0	    0	    0	    0	-1111	 5.77	    0	0	
 3990	    0	    0	    0	    0	    0	    0	    0	    0	    0	-1111	 5.71	    0	0	
 4020	    0	    0	  592	  592	0.000437	0.000187	    0	    0	    0	-1111	 5.12	    0	0.000271	
 4050	    0	    0	1.49e+003	1.49e+003	0.00192	0.000853	    0	    0	7.11e-005	-1111	    4	    0	0.00121	
 4080	    0	    0	2.21e+003	2.21e+003	0.00344	0.00159	    0	    0	0.000168	-1111	 2.96	    0	0.00221	
 4110	    0	    0	2.8e+003	2.8e+003	0.00474	0.00212	    0	    0	0.000202	-1111	 2.32	    0	0.00299	
 4140	    3	    0	3.23e+003	3.23e+003	0.00567	0.00264	    0	    0	0.000252	-1111	 1.82	    0	0.00365	
 4170	    3	    0	3.57e+003	3.57e+003	0.00648	0.00275	    0	    0	0.000324	-1111	 1.44	    0	0.00399	
 4200	    3	    0	3.84e+003	3.84e+003	0.00633	0.00245	    0	    0	0.000204	-1111	 1.18	    0	0.00375	
 4230	    3	    0	4.09e+003	4.09e+003	0.00846	0.00359	    0	    0	    0	-1111	0.972	    0	0.00522	
 4260	    3	    0	4.27e+003	4.27e+003	0.00839	0.00323	    0	    0	0.000646	-1111	0.779	    0	0.00495	
 4290	    3	    0	4.44e+003	4.44e+003	0.00953	0.00397	    0	    0	0.000397	-1111	0.678	    0	0.00582	
 4320	    3	    0	4.57e+003	4.57e+003	0.00915	0.00385	    0	    0	0.000481	-1111	0.572	    0	0.00562	
 4350	    3	    0	4.68e+003	4.68e+003	0.00865	0.00404	    0	    0	0.000577	-1111	 0.49	    0	0.00557	
 4380	    3	    0	4.79e+003	4.79e+003	0.00997	0.00465	    0	    0	0.000664	-1111	 0.43	0.768	0.00642	
 4410	    3	    0	4.9e+003	4.9e+003	0.00915	0.00458	    0	    0	    0	-1111	  0.4	0.768	0.0061	
 4440	    3	    0	4.97e+003	4.98e+003	0.0104	0.00521	    0	    0	    0	-1111	0.371	0.768	0.00695	
 4470	    3	    0	5.03e+003	5.04e+003	0.0106	0.00481	    0	    0	0.000962	-1111	0.321	0.768	0.00674	
 4500	    3	    0	5.11e+003	5.12e+003	0.00971	0.00431	    0	    0	0.00108	-1111	0.281	0.768	0.00611	
 4530	    3	    0	5.15e+003	5.17e+003	0.0072	0.0036	    0	    0	    0	-1111	0.241	0.768	0.0048	
 4560	    3	    0	5.21e+003	5.22e+003	0.00266	0.00133	    0	    0	    0	-1111	0.221	0.768	0.00177	
 4590	    3	    0	5.25e+003	5.26e+003	0.00284	0.00142	    0	    0	    0	-1111	0.234	0.768	0.0019	
 4620	    3	    0	5.3e+003	5.32e+003	0.00298	0.00149	    0	    0	    0	-1111	0.226	0.768	0.00199	
 4650	    3	    0	5.34e+003	5.36e+003	0.00321	0.00161	    0	    0	    0	-1111	0.223	0.768	0.00214	
 4680	    3	    0	5.38e+003	5.41e+003	0.00826	0.00331	    0	    0	    0	-1111	0.217	0.768	0.00496	
 4710	    3	    0	5.43e+003	5.45e+003	0.0118	0.00508	    0	    0	    0	-1111	0.208	0.768	0.00733	
 4740	    3	    0	5.47e+003	5.49e+003	0.015	0.00664	    0	    0	0.00166	-1111	0.207	0.114	0.00941	
 4770	    3	    0	5.51e+003	5.54e+003	0.0248	0.0116	    0	    0	    0	-1111	 0.22	0.114	0.016	
 4800	    3	    0	5.57e+003	5.6e+003	0.0292	0.0137	    0	    0	    0	-1111	0.202	0.114	0.0189	
 4830	    3	    0	5.62e+003	5.65e+003	0.0267	0.0134	    0	    0	    0	-1111	0.222	0.114	0.0178	
 4860	    6	    0	5.66e+003	5.69e+003	0.0231	0.0116	    0	    0	    0	-1111	0.233	0.114	0.0154	
 4890	    6	    0	5.7e+003	5.74e+003	0.0208	0.0104	    0	    0	    0	-1111	0.198	0.114	0.0139	
 4920	    6	    0	5.73e+003	5.77e+003	0.0175	0.00877	    0	    0	    0	-1111	0.195	0.114	0.0117	
 4950	    6	    0	5.79e+003	5.83e+003	0.0138	0.0069	    0	    0	    0	-1111	0.217	0.114	0.0092	
 4980	    6	    0	5.83e+003	5.88e+003	0.0104	0.0052	    0	    0	    0	-1111	0.212	0.114	0.00693	
 5010	    6	    0	5.86e+003	5.9e+003	0.0107	0.00533	    0	    0	    0	-1111	0.192	0.114	0.0071	
 5040	    6	    0	5.9e+003	5.95e+003	    0	    0	    0	    0	    0	-1111	0.189	0.114	0	
 5070	    6	    0	5.94e+003	5.99e+003	    0	    0	    0	    0	    0	-1111	0.193	0.114	0	
 5100	    6	    0	5.98e+003	6.03e+003	    0	    0	    0	    0	    0	-1111	0.188	0.0868	0	
 5130	    6	    0	6.01e+003	6.06e+003	    0	    0	    0	    0	    0	-1111	0.169	0.0868	0	
 5160	    6	    0	6.04e+003	6.1e+003	0.00386	0.00193	    0	    0	    0	-1111	0.176	0.0868	0.00257	
 5190	    6	    0	6.06e+003	6.13e+003	0.0039	0.00195	    0	    0	    0	-1111	0.175	0.0868	0.0026	
 5220	    6	    0	6.1e+003	6.16e+003	0.0042	0.0021	    0	    0	    0	-1111	0.153	0.0868	0.0028	
 5250	    6	    0	6.13e+003	6.2e+003	    0	    0	    0	    0	    0	-1111	0.154	0.0868	0	
 5280	    6	    0	6.15e+003	6.22e+003	    0	    0	    0	    0	    0	-1111	0.162	0.0868	0	
 5310	    6	    0	6.18e+003	6.26e+003	    0	    0	    0	    0	    0	-1111	0.163	0.0868	0	
 5340	    6	    0	6.22e+003	6.3e+003	    0	    0	    0	    0	    0	-1111	0.158	0.0868	0	
 5370	    6	    0	6.24e+003	6.32e+003	    0	    0	    0	    0	    0	-1111	0.138	0.0868	0	
 5400	    6	    0	6.26e+003	6.35e+003	    0	    0	    0	    0	    0	-1111	0.134	0.0868	0	
 5430	    6	    0	6.29e+003	6.37e+003	    0	    0	    0	    0	    0	-1111	 0.13	0.0868	0	
 5460	    6	    0	6.3e+003	6.39e+003	    0	    0	    0	    0	    0	-1111	0.141	0.0583	0	
 5490	    6	    0	6.33e+003	6.42e+003	0.00233	    0	    0	    0	0.00233	-1111	0.139	0.0583	0.000775	
 5520	    6	    0	6.35e+003	6.44e+003	    0	    0	    0	    0	    0	-1111	0.135	0.0583	0	
 5550	    6	    0	6.38e+003	6.47e+003	    0	    0	    0	    0	    0	-1111	 0.13	0.0583	0	
 5580	    6	    0	6.39e+003	6.49e+003	    0	    0	    0	    0	    0	-1111	0.124	0.0583	0	
 5610	    6	    0	6.41e+003	6.51e+003	    0	    0	    0	    0	    0	-1111	0.115	0.0583	0	
 5640	    6	    0	6.42e+003	6.52e+003	0.00551	0.00275	    0	    0	    0	-1111	0.107	0.0583	0.00367	
 5670	    6	    0	6.44e+003	6.54e+003	0.00578	0.00289	    0	    0	    0	-1111	0.098	0.0583	0.00385	
 5700	    6	    0	6.45e+003	6.56e+003	0.0112	0.00562	    0	    0	    0	-1111	0.113	0.0583	0.00749	
 5730	    9	    0	6.47e+003	6.58e+003	0.011	0.00551	    0	    0	    0	-1111	0.118	0.0583	0.00735	
 5760	    9	    0	6.49e+003	6.61e+003	0.011	0.00551	    0	    0	    0	-1111	0.122	0.0583	0.00735	
 5790	    9	    0	6.52e+003	6.63e+003	0.0107	0.00536	    0	    0	    0	-1111	0.136	0.0583	0.00715	
 5820	    9	    0	6.55e+003	6.66e+003	0.0102	0.00512	    0	    0	    0	-1111	0.135	0.0583	0.00682	
 5850	    9	    0	6.57e+003	6.69e+003	0.00976	0.00488	    0	    0	    0	-1111	0.143	0.0438	0.0065	
 5880	    9	    0	6.6e+003	6.73e+003	0.00462	0.00231	    0	    0	    0	-1111	0.151	0.0438	0.00308	
 5910	    9	    0	6.63e+003	6.76e+003	0.00426	0.00213	    0	    0	    0	-1111	0.166	0.0438	0.00284	
 5940	    9	    0	6.65e+003	6.79e+003	    0	    0	    0	    0	    0	-1111	0.167	0.0438	0	
 5970	    9	    0	6.7e+003	6.84e+003	    0	    0	    0	    0	    0	-1111	0.162	0.0438	0	
 6000	    9	    0	6.73e+003	6.88e+003	0.0039	0.00195	    0	    0	    0	-1111	0.176	0.0438	0.0026	
 6030	    9	    0	6.77e+003	6.92e+003	0.00366	0.00183	    0	    0	    0	-1111	0.196	0.0438	0.00244	
 6060	    9	    0	6.8e+003	6.97e+003	0.00382	0.00191	    0	    0	    0	-1111	0.185	0.0438	0.00254	
 6090	    9	    0	6.84e+003	7.01e+003	0.00364	0.00182	    0	    0	    0	-1111	0.182	0.0438	0.00242	
 6120	    9	    0	6.88e+003	7.05e+003	0.0103	0.00517	    0	    0	    0	-1111	0.192	0.0438	0.0069	
 6150	    9	    0	6.92e+003	7.1e+003	0.0069	0.00345	    0	    0	    0	-1111	0.188	0.0438	0.0046	
 6180	    9	    0	6.96e+003	7.14e+003	0.0035	0.00175	    0	    0	    0	-1111	0.188	0.0438	0.00234	
 6210	    9	    0	6.99e+003	7.19e+003	0.00343	0.00172	    0	    0	    0	-1111	0.191	0.0711	0.00229	
 6240	    9	    0	7.03e+003	7.23e+003	0.00342	0.00171	    0	    0	    0	-1111	0.189	0.0711	0.00228	
 6270	    9	    0	7.07e+003	7.27e+003	0.00347	0.00173	    0	    0	    0	-1111	0.179	0.0711	0.00231	
 6300	    9	    0	7.09e+003	7.31e+003	0.00327	0.00164	    0	    0	    0	-1111	0.203	0.0711	0.00218	
 6330	    9	    0	7.14e+003	7.36e+003	0.00328	0.00164	    0	    0	    0	-1111	0.202	0.0711	0.00219	
 6360	    9	    0	7.18e+003	7.41e+003	0.00648	0.00324	    0	    0	    0	-1111	0.206	0.0711	0.00432	
 6390	    9	    0	7.22e+003	7.46e+003	0.00995	0.00498	    0	    0	    0	-1111	0.206	0.0711	0.00663	
 6420	    9	    0	7.27e+003	7.52e+003	0.0166	0.00831	    0	    0	    0	-1111	0.203	0.0711	0.0111	
 6450	    9	    0	7.31e+003	7.57e+003	0.0192	0.0096	    0	    0	    0	-1111	0.213	0.0711	0.0128	
 6480	   12	    0	7.36e+003	7.62e+003	0.0155	0.00775	    0	    0	    0	-1111	0.217	0.0711	0.0103	
 6510	   12	    0	7.41e+003	7.69e+003	0.0235	0.0118	    0	    0	    0	-1111	0.229	0.0711	0.0157	
 6540	   12	    0	7.45e+003	7.73e+003	0.0257	0.0121	    0	    0	    0	-1111	0.207	0.0711	0.0166	
 6570	   12	    0	7.49e+003	7.78e+003	0.039	0.0187	    0	    0	    0	-1111	0.195	0.0869	0.0255	
 6600	   12	    0	7.52e+003	7.82e+003	0.0404	0.0202	    0	    0	    0	-1111	0.197	0.0869	0.0269	
 6630	   18	    0	7.57e+003	7.88e+003	0.0437	0.0219	    0	    0	    0	-1111	0.197	0.0869	0.0292	
 6660	   18	    0	7.61e+003	7.93e+003	0.0411	0.0206	    0	    0	    0	-1111	0.193	0.0869	0.0274	
 6690	   18	    0	7.65e+003	7.98e+003	0.0423	0.0212	    0	    0	    0	-1111	0.188	0.0869	0.0282	
 6720	   21	    0	7.69e+003	8.02e+003	0.0334	0.0167	    0	    0	    0	-1111	0.181	0.0869	0.0223	
 6750	   24	    0	7.71e+003	8.06e+003	0.0381	0.0191	    0	    0	    0	-1111	0.171	0.0869	0.0254	
 6780	   27	    0	7.74e+003	8.09e+003	0.0355	0.0178	    0	    0	    0	-1111	0.165	0.0869	0.0237	
 6810	   27	    0	7.78e+003	8.14e+003	0.0321	0.016	    0	    0	    0	-1111	0.164	0.0869	0.0214	
 6840	   30	    0	7.81e+003	8.18e+003	0.0357	0.0179	    0	    0	    0	-1111	0.168	0.0869	0.0238	
 6870	   33	    0	7.86e+003	8.24e+003	0.0283	0.0141	    0	    0	    0	-1111	 0.18	0.0869	0.0188	
 6900	   33	    0	7.89e+003	8.28e+003	0.0202	0.0101	    0	    0	    0	-1111	0.199	0.0869	0.0135	
 6930	   33	    0	7.94e+003	8.34e+003	0.0194	0.00969	    0	    0	    0	-1111	0.211	0.0752	0.0129	
 6960	   33	    0	7.99e+003	8.4e+003	0.0131	0.00653	    0	    0	    0	-1111	0.202	0.0752	0.0087	
 6990	   33	    0	8.02e+003	8.44e+003	0.0129	0.00647	    0	    0	    0	-1111	0.191	0.0752	0.00863	
 7020	   33	    0	8.06e+003	8.5e+003	0.00631	0.00315	    0	    0	    0	-1111	0.193	0.0752	0.00421	
 7050	   33	    0	8.09e+003	8.54e+003	0.0125	0.00624	    0	    0	    0	-1111	0.189	0.0752	0.00832	
 7080	   36	    0	8.13e+003	8.59e+003	0.0096	0.0048	    0	    0	    0	-1111	0.187	0.0752	0.0064	
 7110	   36	    0	8.17e+003	8.64e+003	0.0126	0.00628	    0	    0	    0	-1111	0.195	0.0752	0.00837	
 7140	   36	    0	8.22e+003	8.69e+003	0.0123	0.00614	    0	    0	    0	-1111	0.199	0.0752	0.00819	
 7170	   36	    0	8.26e+003	8.75e+003	0.00924	0.00462	    0	    0	    0	-1111	0.204	0.0752	0.00616	
 7200	   36	    0	8.3e+003	8.79e+003	0.00624	0.00312	    0	    0	    0	-1111	  0.2	0.0752	0.00416	
 7230	   36	    0	8.34e+003	8.85e+003	0.00313	0.00156	    0	    0	    0	-1111	0.198	0.0752	0.00208	
 7260	   36	    0	8.38e+003	8.9e+003	0.00617	0.00309	    0	    0	    0	-1111	0.198	0.0752	0.00412	
 7290	   36	    0	8.41e+003	8.94e+003	0.00776	0.00311	    0	    0	0.00155	-1111	0.191	0.0828	0.00466	
 7320	   36	    0	8.44e+003	8.98e+003	0.00483	0.00161	    0	    0	0.00161	-1111	0.177	0.0828	0.00268	
 7350	   36	    0	8.49e+003	9.04e+003	0.00469	0.00156	    0	    0	0.00156	-1111	0.179	0.0828	0.00261	
 7380	   36	    0	8.53e+003	9.1e+003	0.00153	    0	    0	    0	0.00153	-1111	0.209	0.0828	0.00051	
 7410	   36	    0	8.58e+003	9.16e+003	0.00445	0.00148	    0	    0	0.00148	-1111	0.216	0.0828	0.00247	
 7440	   36	    0	8.61e+003	9.21e+003	0.00736	0.00295	    0	    0	0.00147	-1111	0.214	0.0828	0.00442	
 7470	   36	    0	8.66e+003	9.27e+003	0.00732	0.00293	    0	    0	    0	-1111	0.213	0.0828	0.00439	
 7500	   36	    0	8.7e+003	9.32e+003	0.00593	0.00296	    0	    0	    0	-1111	0.195	0.0828	0.00395	
 7530	   36	    0	8.73e+003	9.36e+003	0.00587	0.00294	    0	    0	    0	-1111	0.195	0.0828	0.00392	
 7560	   36	    0	8.78e+003	9.42e+003	    0	    0	    0	    0	    0	-1111	0.184	0.0828	0	
 7590	   36	    0	8.81e+003	9.47e+003	    0	    0	    0	    0	    0	-1111	0.179	0.0828	0	
 7620	   36	    0	8.85e+003	9.52e+003	    0	    0	    0	    0	    0	-1111	0.173	0.0828	0	
 7650	   36	    0	8.87e+003	9.55e+003	0.0034	0.0017	    0	    0	    0	-1111	0.157	0.081	0.00226	
 7680	   36	    0	8.91e+003	9.6e+003	0.00351	0.00175	    0	    0	    0	-1111	0.151	0.081	0.00234	
 7710	   36	    0	8.94e+003	9.64e+003	0.0035	0.00175	    0	    0	    0	-1111	 0.16	0.081	0.00234	
 7740	   36	    0	8.97e+003	9.68e+003	    0	    0	    0	    0	    0	-1111	0.161	0.081	0	
 7770	   36	    0	8.99e+003	9.71e+003	0.00174	    0	    0	    0	0.00174	-1111	0.164	0.081	0.000581	
 7800	   36	    0	9.03e+003	9.76e+003	0.00355	    0	    0	    0	    0	-1111	 0.16	0.081	0.00118	
 7830	   36	    0	9.07e+003	9.81e+003	0.0142	0.00534	    0	    0	    0	-1111	0.156	0.081	0.0083	
 7860	   36	    0	9.1e+003	9.85e+003	0.0255	0.0109	    0	    0	    0	-1111	0.156	0.081	0.0158	
 7890	   39	    0	9.12e+003	9.89e+003	0.0219	0.00914	    0	    0	    0	-1111	0.151	0.081	0.0134	
 7920	   39	    0	9.16e+003	9.93e+003	0.0298	0.013	    0	    0	    0	-1111	 0.15	0.081	0.0186	
 7950	   39	    0	9.18e+003	9.97e+003	0.044	0.0201	    0	    0	    0	-1111	 0.15	0.081	0.0281	
 7980	   45	    0	9.2e+003	1e+004	0.0582	0.0281	    0	    0	    0	-1111	0.141	0.081	0.0381	
 8010	   48	    0	9.23e+003	1e+004	0.0777	0.0378	    0	    0	    0	-1111	 0.13	0.081	0.0511	
 8040	   51	    0	9.25e+003	1.01e+004	0.128	0.0638	    0	    0	    0	-1111	0.126	0.0608	0.085	
 8070	   69	    0	9.28e+003	1.01e+004	0.171	0.0855	    0	    0	    0	-1111	0.123	0.0608	0.114	
 8100	   81	    0	9.3e+003	1.01e+004	0.176	0.0882	    0	    0	    0	-1111	0.141	0.0608	0.118	
 8130	   90	    0	9.34e+003	1.02e+004	0.198	0.0992	    0	    0	    0	-1111	0.156	0.0608	0.132	
 8160	   96	    0	9.37e+003	1.02e+004	0.256	0.128	    0	    0	    0	-1111	 0.17	0.0608	0.171	
 8190	  108	    0	9.42e+003	1.03e+004	0.299	 0.15	    0	    0	    0	-1111	 0.18	0.0608	0.2	
 8220	  114	    0	9.46e+003	1.03e+004	0.339	 0.17	    0	    0	    0	-1111	0.194	0.0608	0.226	
 8250	  132	    0	9.51e+003	1.04e+004	0.379	0.192	0.00152	    0	0.00152	-1111	0.199	0.0608	0.25	
 8280	  150	    0	9.55e+003	1.05e+004	0.411	0.209	0.00149	    0	0.00149	-1111	0.198	0.0608	0.25	
 8310	  159	    0	9.59e+003	1.05e+004	0.466	0.236	0.00148	    0	0.00148	-1111	0.193	0.0608	0.25	
 8340	  186	    0	9.64e+003	1.06e+004	0.503	0.255	0.00139	    0	0.00139	-1111	0.211	0.0608	0.25	
 8370	  222	    0	9.68e+003	1.07e+004	0.523	0.263	0.00141	    0	0.00141	-1111	0.203	0.0608	0.25	
 8400	  258	    0	9.73e+003	1.07e+004	0.563	0.281	    0	    0	    0	-1111	 0.21	0.075	0.25	
 8430	  285	    0	9.78e+003	1.08e+004	0.564	0.282	    0	    0	    0	-1111	  0.2	0.075	0.25	
 8460	  318	    0	9.83e+003	1.09e+004	0.565	0.281	    0	    0	0.00133	-1111	0.196	0.075	0.25	
 8490	  351	    0	9.88e+003	1.09e+004	0.582	 0.29	    0	    0	0.00134	-1111	0.196	0.075	0.25	
 8520	  381	    0	9.92e+003	1.1e+004	0.575	0.287	    0	    0	0.00129	-1111	0.213	0.075	0.25	
 8550	  407	    0	9.98e+003	1.11e+004	0.608	0.303	    0	    0	    0	-1111	0.216	0.075	0.25	
 8580	  455	    0	1e+004	1.12e+004	0.608	0.303	    0	    0	    0	-1111	0.212	0.075	0.25	
 8610	  491	    0	1.01e+004	1.12e+004	0.601	  0.3	    0	    0	    0	-1111	0.224	0.075	0.25	
 8640	  518	    0	1.01e+004	1.13e+004	0.647	0.323	    0	    0	    0	-1111	0.225	0.075	0.25	
 8670	  548	    0	1.02e+004	1.14e+004	0.686	0.342	    0	    0	0.0012	-1111	0.239	0.075	0.25	
 8700	  602	    0	1.03e+004	1.15e+004	0.718	0.358	    0	    0	0.00116	-1111	0.245	0.075	0.25	
 8730	  626	    0	1.03e+004	1.16e+004	0.732	0.365	    0	    0	0.0011	-1111	 0.26	0.075	0.25	
 8760	  656	    0	1.04e+004	1.17e+004	0.793	0.396	    0	    0	0.00106	-1111	0.267	0.0971	0.25	
 8790	  719	    0	1.04e+004	1.18e+004	0.814	0.406	    0	    0	0.00104	-1111	0.262	0.0971	0.25	
 8820	  773	    0	1.05e+004	1.19e+004	0.873	0.436	    0	    0	0.00102	-1111	0.269	0.0971	0.25	
 8850	  824	    0	1.06e+004	1.2e+004	 0.92	 0.46	    0	    0	    0	-1111	0.283	0.0971	0.25	
 8880	  894	    0	1.07e+004	1.21e+004	0.967	0.484	    0	    0	    0	-1111	0.284	0.0971	0.25	
 8910	  987	    0	1.07e+004	1.22e+004	0.978	0.489	    0	    0	    0	-1111	0.302	0.0971	0.25	
 8940	1.05e+003	    0	1.08e+004	1.23e+004	 1.04	0.518	    0	    0	    0	-1111	0.312	0.0971	0.25	
 8970	1.11e+003	    0	1.09e+004	1.24e+004	  1.1	0.552	    0	    0	    0	-1111	0.305	0.0971	0.25	
 9000	1.19e+003	    0	1.1e+004	1.26e+004	 1.12	0.561	    0	    0	    0	-1111	0.324	0.0971	0.25	
 9030	1.32e+003	    0	1.11e+004	1.27e+004	 1.18	0.588	    0	    0	    0	-1111	0.313	0.0971	0.25	
 9060	1.4e+003	    0	1.12e+004	1.28e+004	 1.22	 0.61	    0	    0	    0	-1111	0.327	0.0971	0.25	
 9090	1.52e+003	    0	1.13e+004	1.3e+004	 1.25	0.628	0.00162	    0	0.00162	-1111	0.329	0.0971	0.25	
 9120	1.61e+003	    0	1.13e+004	1.31e+004	 1.31	0.658	0.00245	    0	0.00245	-1111	0.323	0.136	0.25	
 9150	1.75e+003	    0	1.14e+004	1.32e+004	 1.36	 0.69	0.00465	    0	0.00465	-1111	 0.35	0.136	0.25	
 9180	1.9e+003	    3	1.15e+004	1.34e+004	 1.39	0.714	0.00977	    0	0.00902	-1111	0.364	0.136	0.25	
 9210	2.02e+003	    3	1.17e+004	1.36e+004	 1.43	0.737	0.0105	    0	0.00911	-1111	0.399	0.136	0.25	
 9240	2.17e+003	    3	1.18e+004	1.38e+004	 1.45	0.751	0.0123	    0	0.011	-1111	0.416	0.136	0.25	
 9270	2.28e+003	    3	1.19e+004	1.4e+004	 1.47	0.761	0.0129	    0	0.0103	-1111	0.439	0.136	0.25	
 9300	2.45e+003	    3	1.2e+004	1.42e+004	  1.5	0.774	0.0118	    0	0.00867	-1111	0.449	0.136	0.25	
 9330	2.63e+003	    3	1.22e+004	1.44e+004	 1.54	0.797	0.0142	    0	0.00948	-1111	0.461	0.136	0.25	
 9360	2.77e+003	    3	1.23e+004	1.46e+004	 1.55	0.802	0.0132	    0	0.00806	-1111	0.471	0.136	0.25	
 9390	2.94e+003	    3	1.24e+004	1.48e+004	 1.58	0.809	0.00963	    0	0.0051	-1111	0.455	0.136	0.25	
 9420	3.13e+003	    3	1.26e+004	1.5e+004	 1.61	0.821	0.00708	    0	0.00327	-1111	0.473	0.136	0.25	
 9450	3.28e+003	    3	1.28e+004	1.53e+004	 1.67	0.844	0.00413	    0	0.00258	-1111	0.508	0.136	0.25	
 9480	3.52e+003	    3	1.29e+004	1.55e+004	  1.7	0.857	0.00347	    0	0.00248	-1111	0.554	0.201	0.25	
 9510	3.76e+003	    3	1.31e+004	1.58e+004	 1.71	0.857	0.00143	    0	0.00095	-1111	0.577	0.201	0.25	
 9540	3.95e+003	    3	1.33e+004	1.61e+004	 1.75	0.878	0.00136	    0	0.00136	-1111	0.603	0.201	0.25	
 9570	4.22e+003	    3	1.35e+004	1.64e+004	 1.76	0.884	0.000849	    0	0.000849	-1111	0.656	0.201	0.25	
 9600	4.5e+003	    3	1.37e+004	1.67e+004	 1.78	0.893	0.00123	    0	0.00123	-1111	0.653	0.201	0.25	
 9630	4.8e+003	    3	1.39e+004	1.7e+004	 1.79	  0.9	0.00274	    0	0.00274	-1111	 0.67	0.201	0.25	
 9660	5.13e+003	    3	1.41e+004	1.74e+004	  1.8	0.908	0.00416	    0	0.00416	-1111	 0.69	0.201	0.25	
 9690	5.43e+003	    6	1.43e+004	1.77e+004	 1.79	0.904	0.0059	    0	0.0059	-1111	0.691	0.201	0.25	
 9720	5.72e+003	    9	1.45e+004	1.81e+004	 1.79	0.905	0.00605	    0	0.00605	-1111	0.733	0.201	0.25	
 9750	6.05e+003	    9	1.48e+004	1.84e+004	 1.79	0.908	0.00515	    0	0.00481	-1111	0.769	0.201	0.25	
 9780	6.35e+003	    9	1.5e+004	1.88e+004	  1.8	0.911	0.00496	    0	0.00463	-1111	  0.8	0.201	0.25	
 9810	6.66e+003	    9	1.53e+004	1.93e+004	 1.81	0.913	0.00374	    0	0.00374	-1111	0.836	0.201	0.25	
 9840	7.03e+003	    9	1.56e+004	1.97e+004	 1.82	0.916	0.00298	    0	0.00298	-1111	0.885	0.328	0.25	
 9870	7.41e+003	    9	1.59e+004	2.02e+004	 1.83	 0.92	0.00195	    0	0.00139	-1111	 0.95	0.328	0.25	
 9900	7.95e+003	    9	1.62e+004	2.07e+004	 1.85	0.927	0.00133	    0	0.000796	-1111	0.999	0.328	0.25	
 9930	8.37e+003	    9	1.65e+004	2.12e+004	 1.87	0.937	0.00125	    0	0.0005	-1111	 1.06	0.328	0.25	
 9960	8.88e+003	    9	1.69e+004	2.18e+004	 1.88	0.944	0.00118	    0	0.000237	-1111	 1.12	0.328	0.25	
 9990	9.44e+003	    9	1.72e+004	2.24e+004	 1.88	0.944	0.000895	    0	0.000224	-1111	 1.18	0.328	0.25	
10020	9.99e+003	    9	1.76e+004	2.31e+004	  1.9	0.949	0.000426	    0	    0	-1111	 1.22	0.328	0.25	
10050	1.05e+004	    9	1.8e+004	2.37e+004	 1.89	 0.95	0.00122	    0	0.000408	-1111	 1.26	0.328	0.25	
10080	1.12e+004	    9	1.84e+004	2.44e+004	 1.89	0.947	0.000585	    0	    0	-1111	 1.31	0.328	0.25	
10110	1.18e+004	    9	1.89e+004	2.51e+004	 1.89	0.949	0.000751	    0	0.000376	-1111	 1.35	0.328	0.25	
10140	1.24e+004	    9	1.93e+004	2.58e+004	 1.89	0.949	0.00108	    0	0.000899	-1111	 1.39	0.328	0.25	
10170	1.31e+004	    9	1.98e+004	2.66e+004	 1.89	0.949	0.00122	    0	0.00087	-1111	 1.44	0.328	0.25	
10200	1.39e+004	    9	2.03e+004	2.73e+004	 1.89	0.948	0.00118	    0	0.00102	-1111	 1.48	0.328	0.25	
10230	1.45e+004	    9	2.07e+004	2.81e+004	 1.89	0.947	0.000832	    0	0.000832	-1111	 1.48	0.585	0.25	
10260	1.52e+004	    9	2.12e+004	2.89e+004	  1.9	 0.95	0.000976	    0	0.000976	-1111	 1.48	0.585	0.25	
10290	1.59e+004	    9	2.17e+004	2.97e+004	  1.9	 0.95	0.0011	    0	0.0011	-1111	 1.51	0.585	0.25	
10320	1.66e+004	    9	2.22e+004	3.05e+004	  1.9	0.949	0.000618	    0	0.000618	-1111	 1.56	0.585	0.25	
10350	1.73e+004	    9	2.27e+004	3.14e+004	  1.9	0.951	0.000905	    0	0.000905	-1111	  1.6	0.585	0.25	
10380	1.81e+004	    9	2.32e+004	3.23e+004	 1.89	0.948	0.00105	    0	0.000898	-1111	  1.6	0.585	0.25	
10410	1.89e+004	    9	2.37e+004	3.32e+004	 1.89	0.949	0.00102	    0	0.000729	-1111	 1.66	0.585	0.25	
10440	1.96e+004	    9	2.43e+004	3.41e+004	 1.89	0.949	0.00156	    0	0.000851	-1111	 1.69	0.585	0.25	
10470	2.05e+004	   12	2.48e+004	3.5e+004	 1.89	0.951	0.00223	    0	0.00153	-1111	  1.7	0.585	0.25	
10500	2.13e+004	   12	2.54e+004	3.59e+004	 1.88	0.948	0.00302	    0	0.00219	-1111	 1.72	0.585	0.25	
10530	2.21e+004	   12	2.59e+004	3.69e+004	 1.89	 0.95	0.00369	    0	0.00301	-1111	 1.67	0.585	0.25	
10560	2.29e+004	   12	2.65e+004	3.77e+004	 1.88	0.949	0.00425	    0	0.00357	-1111	 1.68	0.585	0.25	
10590	2.36e+004	   12	2.7e+004	3.86e+004	 1.88	0.951	0.0054	    0	0.00473	-1111	 1.68	0.764	0.25	
10620	2.45e+004	   12	2.75e+004	3.95e+004	 1.88	0.953	0.00664	    0	0.00636	-1111	 1.67	0.764	0.25	
10650	2.53e+004	   18	2.8e+004	4.05e+004	 1.88	0.954	0.00695	    0	0.00681	-1111	 1.67	0.764	0.25	
10680	2.6e+004	   24	2.86e+004	4.14e+004	 1.88	0.956	0.00855	0.000136	0.00842	-1111	 1.67	0.764	0.25	
10710	2.68e+004	   36	2.91e+004	4.23e+004	 1.88	 0.96	0.00967	0.000134	0.0094	-1111	 1.71	0.764	0.25	
10740	2.77e+004	   39	2.97e+004	4.33e+004	 1.88	0.961	0.011	0.000132	0.0107	-1111	 1.76	0.764	0.25	
10770	2.86e+004	   48	3.03e+004	4.43e+004	 1.88	0.968	0.0134	    0	0.0129	-1111	 1.78	0.764	0.25	
10800	2.94e+004	   57	3.08e+004	4.53e+004	 1.88	0.971	0.0149	    0	0.0144	-1111	 1.84	0.764	0.25	
10830	3.03e+004	   81	3.14e+004	4.63e+004	 1.88	0.972	0.0161	    0	0.015	-1111	 1.83	0.764	0.25	
10860	3.13e+004	   99	3.2e+004	4.74e+004	 1.88	0.978	0.0193	    0	0.018	-1111	 1.83	0.764	0.25	
10890	3.22e+004	  117	3.26e+004	4.83e+004	 1.87	 0.98	0.0217	0.000123	0.0204	-1111	 1.82	0.764	0.25	
10920	3.32e+004	  156	3.32e+004	4.94e+004	 1.86	0.981	0.0247	0.000248	0.0232	-1111	 1.78	0.764	0.25	
10950	3.4e+004	  186	3.37e+004	5.04e+004	 1.86	0.985	0.0299	0.000736	0.0276	-1111	 1.79	0.844	0.25	
10980	3.5e+004	  216	3.43e+004	5.14e+004	 1.85	0.989	0.0346	0.000848	0.0319	-1111	 1.86	0.844	0.25	
11010	3.59e+004	  288	3.49e+004	5.25e+004	 1.84	0.997	0.0406	0.00085	0.0375	-1111	 1.86	0.844	0.25	
11040	3.68e+004	  342	3.55e+004	5.36e+004	 1.83	    1	0.0451	0.000847	0.0418	-1111	 1.85	0.844	0.25	
11070	3.77e+004	  393	3.61e+004	5.46e+004	 1.83	 1.01	0.0486	0.000836	0.045	-1111	 1.85	0.844	0.25	
11100	3.86e+004	  474	3.67e+004	5.57e+004	 1.82	 1.01	0.0534	0.000708	0.0501	-1111	 1.86	0.844	0.25	
11130	3.94e+004	  528	3.74e+004	5.68e+004	 1.81	 1.02	0.0583	0.000585	0.055	-1111	 1.88	0.844	0.25	
11160	4.03e+004	  600	3.8e+004	5.79e+004	  1.8	 1.02	0.0627	0.000231	0.0589	-1111	 1.91	0.844	0.25	
11190	4.12e+004	  669	3.86e+004	5.9e+004	 1.79	 1.03	0.0681	0.000232	0.064	-1111	 1.89	0.844	0.25	
11220	4.22e+004	  723	3.92e+004	6.01e+004	 1.79	 1.04	0.071	0.000117	0.0668	-1111	 1.88	0.844	0.25	
11250	4.32e+004	  810	3.98e+004	6.12e+004	 1.78	 1.04	0.0763	0.000116	0.0721	-1111	 1.87	0.844	0.25	
11280	4.42e+004	  885	4.04e+004	6.23e+004	 1.78	 1.05	0.0808	    0	0.0763	-1111	 1.84	0.844	0.25	
1408512726	1	100000	0.13	0.6	0.005	1	4	35	5	10	4	2	0.856	1.32	0.272	88.3	4.48e+004	4.49e+004	4.48e+004	966	0.0187	0.0626	0.0215	1.06	300	60	1.07	1.08	1.08	1.1	1.05	1.06	1.07	1.06	1.05	1.05	1.02	1.07	1.04	1.05	1.04	7095	2302	820	176	152	185	173	150	136	103	95	373	2134	8516	10006	0.0188	0.0231	0.0229	0.0223	0.023	0.0231	0.0226	0.0222	0.0215	0.0224	0.0215	0.0218	0.0221	0.0219	0.0209	0.0186	0.0246	0.0248	0.0245	0.022	0.0197	0.0188	0.0212	0.0182	0.0209	0.0187	0.0182	0.0181	0.0169	0.0162	0.062	0.0545	0.0574	0.0547	0.0477	0.0585	0.0571	0.055	0.0616	0.0655	0.0529	0.0633	0.064	0.0669	0.0679	0.0972	0.00119	0.0031	0.00589	0.00817	0.00967	0.012	0.0145	0.0154	0.0176	0.0195	0.02	0.0206	0.0224	0.0287	7713	401	24	0	0	0	0	0	4058	4356	4768	8027	8120	8340	-1	-1	-1	-1	-1	-1	8227	9161	9188	11103	-1	-1	-1	-1	-1	-1	-1	-1	-1	-1	-1	-1	-1	-1	-1	-1	-1	-1	-1	-1	4043	4217	4763	7999	8060	8249	4478	9161	9188	11097	-1	-1	10	20900	20593	92.2	11	20620	20628	78.4	12	5858	21024	94.7	11301	3953	238573	0.0101	0.00898	0.00728	0.00643	0.00536	0.00416	0.00352	0.00354	0.00297	0.00247	0.00211	0.00154	0.00146	0.000729	0.002	3953	
